Date,Adj Close
2000-01-03,19.119434356689453
2000-01-04,18.258869171142578
2000-01-05,18.483367919921875
2000-01-06,18.352401733398438
2000-01-07,19.531005859375
2000-01-10,19.905170440673828
2000-01-11,19.699373245239258
2000-01-12,19.4561767578125
2000-01-13,20.447696685791016
2000-01-14,20.204486846923828
2000-01-18,19.325220108032227
2000-01-19,19.26909828186035
2000-01-20,18.83881950378418
2000-01-21,18.689157485961914
2000-01-24,18.352401733398438
2000-01-25,17.8472957611084
2000-01-26,18.053089141845703
2000-01-27,17.884721755981445
2000-01-28,17.211238861083984
2000-01-31,17.51055145263672
2000-02-01,17.75375747680664
2000-02-02,17.75375747680664
2000-02-03,18.071792602539062
2000-02-04,18.053089141845703
2000-02-07,18.127918243408203
2000-02-08,17.866003036499023
2000-02-09,17.73505401611328
2000-02-10,17.061569213867188
2000-02-11,16.668704986572266
2000-02-14,16.369375228881836
2000-02-15,17.51055145263672
2000-02-16,17.30476951599121
2000-02-17,17.22994041442871
2000-02-18,16.855783462524414
2000-02-22,17.3234806060791
2000-02-23,17.73505401611328
2000-02-24,16.93060874938965
2000-02-25,15.789434432983398
2000-02-28,15.639772415161133
2000-02-29,15.471402168273926
2000-03-01,15.864270210266113
2000-03-02,15.864270210266113
2000-03-03,16.500333786010742
2000-03-06,16.144882202148438
2000-03-07,15.714594841003418
2000-03-08,16.182300567626953
2000-03-09,16.425500869750977
2000-03-10,16.27583885192871
2000-03-13,16.219722747802734
2000-03-14,16.163593292236328
2000-03-15,17.51055145263672
2000-03-16,19.26909828186035
2000-03-17,19.400054931640625
2000-03-20,18.63302993774414
2000-03-21,18.576908111572266
2000-03-22,18.314998626708984
2000-03-23,18.034378051757812
2000-03-24,17.828594207763672
2000-03-27,17.477807998657227
2000-03-28,17.061569213867188
2000-03-29,17.282968521118164
2000-03-30,17.490068435668945
2000-03-31,16.64286231994629
2000-04-03,17.828947067260742
2000-04-04,18.073701858520508
2000-04-05,17.791288375854492
2000-04-06,17.697162628173828
2000-04-07,17.546546936035156
2000-04-10,17.866600036621094
2000-04-11,18.073701858520508
2000-04-12,19.278614044189453
2000-04-13,18.694976806640625
2000-04-14,17.810131072998047
2000-04-17,18.393747329711914
2000-04-18,17.810131072998047
2000-04-19,18.22431182861328
2000-04-20,18.20547866821289
2000-04-24,18.657325744628906
2000-04-25,19.184473037719727
2000-04-26,18.807947158813477
2000-04-27,18.902067184448242
2000-04-28,19.29743766784668
2000-05-01,19.203298568725586
2000-05-02,19.391572952270508
2000-05-03,18.93973159790039
2000-05-04,18.826763153076172
2000-05-05,19.146821975708008
2000-05-08,19.052684783935547
2000-05-09,18.88323974609375
2000-05-10,18.920907974243164
2000-05-11,19.222135543823242
2000-05-12,18.93973159790039
2000-05-15,18.920907974243164
2000-05-16,19.504526138305664
2000-05-17,19.466880798339844
2000-05-18,19.052684783935547
2000-05-19,18.93973159790039
2000-05-22,18.46906089782715
2000-05-23,18.50672721862793
2000-05-24,19.278614044189453
2000-05-25,18.374927520751953
2000-05-26,17.96074104309082
2000-05-30,17.753639221191406
2000-05-31,17.490068435668945
2000-06-01,17.715991973876953
2000-06-02,17.753639221191406
2000-06-05,17.753639221191406
2000-06-06,17.640676498413086
2000-06-07,17.170013427734375
2000-06-08,17.33945083618164
2000-06-09,17.621849060058594
2000-06-12,17.19824981689453
2000-06-13,17.094703674316406
2000-06-14,17.508888244628906
2000-06-15,17.546546936035156
2000-06-16,17.631269454956055
2000-06-19,17.88543128967285
2000-06-20,16.73699378967285
2000-06-21,16.64286231994629
2000-06-22,16.9440975189209
2000-06-23,16.718164443969727
2000-06-26,16.511070251464844
2000-06-27,17.07587432861328
2000-06-28,17.55922508239746
2000-06-29,16.957643508911133
2000-06-30,17.27974510192871
2000-07-03,17.734472274780273
2000-07-05,17.469219207763672
2000-07-06,17.5639591217041
2000-07-07,17.412370681762695
2000-07-10,16.93870735168457
2000-07-11,17.71553611755371
2000-07-12,17.71553611755371
2000-07-13,17.7534236907959
2000-07-14,18.11342430114746
2000-07-17,17.374492645263672
2000-07-18,16.88186264038086
2000-07-19,16.976585388183594
2000-07-20,16.843965530395508
2000-07-21,16.730281829833984
2000-07-24,16.843965530395508
2000-07-25,17.052383422851562
2000-07-26,17.10922622680664
2000-07-27,17.374492645263672
2000-07-28,17.12816619873047
2000-07-31,17.317642211914062
2000-08-01,17.393430709838867
2000-08-02,17.16607093811035
2000-08-03,16.900814056396484
2000-08-04,16.88186264038086
2000-08-07,17.01449203491211
2000-08-08,17.69658660888672
2000-08-09,17.886049270629883
2000-08-10,17.734472274780273
2000-08-11,17.961843490600586
2000-08-14,17.886049270629883
2000-08-15,17.9239501953125
2000-08-16,17.904996871948242
2000-08-17,17.601856231689453
2000-08-18,17.69658660888672
2000-08-21,17.4881649017334
2000-08-22,17.374492645263672
2000-08-23,17.071334838867188
2000-08-24,17.033437728881836
2000-08-25,17.412370681762695
2000-08-28,17.090280532836914
2000-08-29,17.260801315307617
2000-08-30,17.12816619873047
2000-08-31,17.000280380249023
2000-09-01,16.919750213623047
2000-09-05,17.033437728881836
2000-09-06,17.147111892700195
2000-09-07,17.10922622680664
2000-09-08,16.730281829833984
2000-09-11,16.711341857910156
2000-09-12,17.317642211914062
2000-09-13,17.336589813232422
2000-09-14,17.431325912475586
2000-09-15,16.862916946411133
2000-09-18,15.763983726501465
2000-09-19,15.877659797668457
2000-09-20,16.142927169799805
2000-09-21,16.067136764526367
2000-09-22,16.29449462890625
2000-09-25,16.19976806640625
2000-09-26,16.25660514831543
2000-09-27,16.35968780517578
2000-09-28,17.104175567626953
2000-09-29,17.06600570678711
2000-10-02,16.83692169189453
2000-10-03,17.524139404296875
2000-10-04,18.020477294921875
2000-10-05,18.115915298461914
2000-10-06,18.364084243774414
2000-10-09,18.516803741455078
2000-10-10,18.478626251220703
2000-10-11,18.230457305908203
2000-10-12,17.715036392211914
2000-10-13,17.848670959472656
2000-10-16,17.963212966918945
2000-10-17,17.600509643554688
2000-10-18,17.619596481323242
2000-10-19,16.932382583618164
2000-10-20,16.49331283569336
2000-10-23,16.14970588684082
2000-10-24,16.30242156982422
2000-10-25,15.8060884475708
2000-10-26,15.787007331848145
2000-10-27,15.596112251281738
2000-10-30,16.41695213317871
2000-10-31,16.97055435180664
2000-11-01,17.21871566772461
2000-11-02,16.875104904174805
2000-11-03,16.7796630859375
2000-11-06,17.295076370239258
2000-11-07,17.562332153320312
2000-11-08,17.79139518737793
2000-11-09,17.848670959472656
2000-11-10,17.886844635009766
2000-11-13,17.715036392211914
2000-11-14,17.524139404296875
2000-11-15,17.695953369140625
2000-11-16,17.505054473876953
2000-11-17,16.989643096923828
2000-11-20,17.142362594604492
2000-11-21,17.18053436279297
2000-11-22,16.76056480407715
2000-11-24,17.06600570678711
2000-11-27,16.74147605895996
2000-11-28,16.932382583618164
2000-11-29,17.33324432373047
2000-11-30,17.19963264465332
2000-12-01,17.123271942138672
2000-12-04,17.867753982543945
2000-12-05,18.40226173400879
2000-12-06,18.32590675354004
2000-12-07,18.058671951293945
2000-12-08,18.07774543762207
2000-12-11,18.516803741455078
2000-12-12,18.554981231689453
2000-12-13,17.98229217529297
2000-12-14,17.085084915161133
2000-12-15,17.275978088378906
2000-12-18,17.562332153320312
2000-12-19,17.256895065307617
2000-12-20,16.97055435180664
2000-12-21,17.676876068115234
2000-12-22,17.695953369140625
2000-12-26,17.715036392211914
2000-12-27,18.337839126586914
2000-12-28,18.280176162719727
2000-12-29,18.31861686706543
2001-01-02,18.164836883544922
2001-01-03,18.645381927490234
2001-01-04,19.375831604003906
2001-01-05,19.452720642089844
2001-01-08,19.41427230834961
2001-01-09,19.125946044921875
2001-01-10,18.952939987182617
2001-01-11,18.74150276184082
2001-01-12,18.530054092407227
2001-01-16,19.2220458984375
2001-01-17,19.47193717956543
2001-01-18,19.049055099487305
2001-01-19,19.029829025268555
2001-01-22,19.106719970703125
2001-01-23,19.568058013916016
2001-01-24,19.298938751220703
2001-01-25,19.77948760986328
2001-01-26,19.91404151916504
2001-01-29,19.855613708496094
2001-01-30,19.935579299926758
2001-01-31,20.144710540771484
2001-02-01,20.606037139892578
2001-02-02,19.9786319732666
2001-02-05,20.046293258666992
2001-02-06,19.895597457885742
2001-02-07,19.87099266052246
2001-02-08,19.910966873168945
2001-02-09,19.634170532226562
2001-02-12,19.944805145263672
2001-02-13,20.077051162719727
2001-02-14,19.763343811035156
2001-02-15,20.101655960083008
2001-02-16,19.65877914428711
2001-02-20,19.624948501586914
2001-02-21,19.38505744934082
2001-02-22,19.332765579223633
2001-02-23,19.169771194458008
2001-02-26,19.139013290405273
2001-02-27,18.729965209960938
2001-02-28,18.622325897216797
2001-03-01,18.603872299194336
2001-03-02,18.954479217529297
2001-03-05,19.926353454589844
2001-03-06,20.141633987426758
2001-03-07,20.4368839263916
2001-03-08,20.7536678314209
2001-03-09,19.86483383178711
2001-03-12,19.529603958129883
2001-03-13,19.19129753112793
2001-03-14,19.083648681640625
2001-03-15,19.099035263061523
2001-03-16,18.391660690307617
2001-03-19,18.23480224609375
2001-03-20,17.918031692504883
2001-03-21,17.444398880004883
2001-03-22,17.74579620361328
2001-03-23,17.678133010864258
2001-03-26,18.071800231933594
2001-03-27,18.04104995727539
2001-03-28,17.895511627197266
2001-03-29,17.57036018371582
2001-03-30,17.6013240814209
2001-04-02,17.53938865661621
2001-04-03,17.065603256225586
2001-04-04,17.465078353881836
2001-04-05,18.50245475769043
2001-04-06,18.251628875732422
2001-04-09,18.455997467041016
2001-04-10,18.67276382446289
2001-04-11,18.34142303466797
2001-04-12,18.64179801940918
2001-04-16,18.802818298339844
2001-04-17,18.917396545410156
2001-04-18,19.691564559936523
2001-04-19,19.465503692626953
2001-04-20,19.25802993774414
2001-04-23,19.186805725097656
2001-04-24,19.00101089477539
2001-04-25,19.177515029907227
2001-04-26,19.515050888061523
2001-04-27,19.77206802368164
2001-04-30,19.626535415649414
2001-05-01,19.663686752319336
2001-05-02,19.54911994934082
2001-05-03,19.49337387084961
2001-05-04,19.849489212036133
2001-05-07,19.82471466064453
2001-05-08,19.914522171020508
2001-05-09,19.89594268798828
2001-05-10,20.193214416503906
2001-05-11,20.183927536010742
2001-05-14,20.3975887298584
2001-05-15,20.626739501953125
2001-05-16,21.524776458740234
2001-05-17,22.048107147216797
2001-05-18,21.701282501220703
2001-05-21,21.69198989868164
2001-05-22,21.74772834777832
2001-05-23,21.534053802490234
2001-05-24,21.657934188842773
2001-05-25,21.366844177246094
2001-05-29,21.30491065979004
2001-05-30,21.09433937072754
2001-05-31,21.199623107910156
2001-06-01,21.196523666381836
2001-06-04,21.32659149169922
2001-06-05,21.664127349853516
2001-06-06,21.208913803100586
2001-06-07,21.30491065979004
2001-06-08,21.050979614257812
2001-06-11,20.793970108032227
2001-06-12,20.595779418945312
2001-06-13,20.564817428588867
2001-06-14,20.30159568786621
2001-06-15,20.784669876098633
2001-06-18,20.546226501464844
2001-06-19,20.2365665435791
2001-06-20,20.431655883789062
2001-06-21,20.567903518676758
2001-06-22,20.391401290893555
2001-06-25,20.22727394104004
2001-06-26,20.248947143554688
2001-06-27,19.921804428100586
2001-06-28,20.046430587768555
2001-06-29,19.72240447998047
2001-07-02,20.28322982788086
2001-07-03,20.532485961914062
2001-07-05,20.62284278869629
2001-07-06,20.06512451171875
2001-07-09,20.31438636779785
2001-07-10,20.111867904663086
2001-07-11,19.51988410949707
2001-07-12,20.1928768157959
2001-07-13,20.407855987548828
2001-07-16,20.05266761779785
2001-07-17,20.33308219909668
2001-07-18,20.731889724731445
2001-07-19,20.17106056213379
2001-07-20,20.06201171875
2001-07-23,19.784713745117188
2001-07-24,19.32047462463379
2001-07-25,19.628938674926758
2001-07-26,19.700590133666992
2001-07-27,19.628938674926758
2001-07-30,19.435758590698242
2001-07-31,19.628938674926758
2001-08-01,19.54791831970215
2001-08-02,19.628938674926758
2001-08-03,19.644508361816406
2001-08-06,19.233232498168945
2001-08-07,19.332935333251953
2001-08-08,18.968400955200195
2001-08-09,19.01825523376465
2001-08-10,19.597776412963867
2001-08-13,19.395252227783203
2001-08-14,19.470033645629883
2001-08-15,19.566617965698242
2001-08-16,19.756671905517578
2001-08-17,19.588424682617188
2001-08-20,19.72551918029785
2001-08-21,19.672550201416016
2001-08-22,19.828338623046875
2001-08-23,19.669435501098633
2001-08-24,19.9841251373291
2001-08-27,19.971656799316406
2001-08-28,19.800302505493164
2001-08-29,19.44198989868164
2001-08-30,19.142881393432617
2001-08-31,19.476268768310547
2001-09-04,19.301786422729492
2001-09-05,19.43264389038086
2001-09-06,19.167800903320312
2001-09-07,18.666175842285156
2001-09-10,18.756532669067383
2001-09-17,17.13637351989746
2001-09-18,17.042892456054688
2001-09-19,16.82480239868164
2001-09-20,16.29512596130371
2001-09-21,15.313680648803711
2001-09-24,16.930740356445312
2001-09-25,16.51946258544922
2001-09-26,15.92880916595459
2001-09-27,16.007341384887695
2001-09-28,17.00015640258789
2001-10-01,16.887052536010742
2001-10-02,16.808509826660156
2001-10-03,17.06298828125
2001-10-04,17.012723922729492
2001-10-05,17.1226806640625
2001-10-08,17.044132232666016
2001-10-09,16.962448120117188
2001-10-10,17.59394073486328
2001-10-11,18.38567543029785
2001-10-12,18.470502853393555
2001-10-15,18.580461502075195
2001-10-16,18.772111892700195
2001-10-17,18.22858428955078
2001-10-18,17.90812110900879
2001-10-19,17.766735076904297
2001-10-22,18.420238494873047
2001-10-23,18.64644432067871
2001-10-24,18.64644432067871
2001-10-25,18.77525520324707
2001-10-26,19.177406311035156
2001-10-29,18.54276466369629
2001-10-30,18.036930084228516
2001-10-31,17.970956802368164
2001-11-01,18.159469604492188
2001-11-02,18.222301483154297
2001-11-05,18.904067993164062
2001-11-06,19.281082153320312
2001-11-07,19.139694213867188
2001-11-08,19.076860427856445
2001-11-09,19.161691665649414
2001-11-12,18.938629150390625
2001-11-13,19.824607849121094
2001-11-14,20.229894638061523
2001-11-15,20.10736846923828
2001-11-16,19.85603141784668
2001-11-19,19.8874454498291
2001-11-20,19.714643478393555
2001-11-21,19.435029983520508
2001-11-23,19.570119857788086
2001-11-26,19.55756187438965
2001-11-27,19.431880950927734
2001-11-28,19.18682861328125
2001-11-29,19.149124145507812
2001-11-30,19.274797439575195
2001-12-03,19.208816528320312
2001-12-04,19.705223083496094
2001-12-05,20.34613800048828
2001-12-06,20.12307357788086
2001-12-07,20.101089477539062
2001-12-10,19.752347946166992
2001-12-11,20.176490783691406
2001-12-12,20.21104621887207
2001-12-13,19.92513656616211
2001-12-14,19.639245986938477
2001-12-17,20.185909271240234
2001-12-18,20.672893524169922
2001-12-19,21.0467586517334
2001-12-20,21.28553009033203
2001-12-21,21.222698211669922
2001-12-24,21.342084884643555
2001-12-26,21.599712371826172
2001-12-27,21.631336212158203
2001-12-28,21.577571868896484
2001-12-31,21.413150787353516
2002-01-02,21.419485092163086
2002-01-03,21.498523712158203
2002-01-04,21.881132125854492
2002-01-07,21.64082145690918
2002-01-08,21.438444137573242
2002-01-09,21.403663635253906
2002-01-10,21.182321548461914
2002-01-11,21.157028198242188
2002-01-14,20.77442169189453
2002-01-15,20.54676628112793
2002-01-16,20.170482635498047
2002-01-17,20.508819580078125
2002-01-18,20.67007827758789
2002-01-22,20.530954360961914
2002-01-23,20.701696395874023
2002-01-24,21.055849075317383
2002-01-25,21.675594329833984
2002-01-28,21.94120216369629
2002-01-29,21.723026275634766
2002-01-30,22.130929946899414
2002-01-31,22.570451736450195
2002-02-01,22.007612228393555
2002-02-04,21.498523712158203
2002-02-05,21.612356185913086
2002-02-06,21.5965518951416
2002-02-07,21.802080154418945
2002-02-08,21.991796493530273
2002-02-11,22.608394622802734
2002-02-12,22.393375396728516
2002-02-13,22.677955627441406
2002-02-14,22.608394622802734
2002-02-15,22.693763732910156
2002-02-19,22.46610450744629
2002-02-20,23.035259246826172
2002-02-21,23.351465225219727
2002-02-22,23.936447143554688
2002-02-25,23.544363021850586
2002-02-26,23.49374771118164
2002-02-27,23.471620559692383
2002-02-28,23.259767532348633
2002-03-01,23.477949142456055
2002-03-04,24.4676456451416
2002-03-05,23.740398406982422
2002-03-06,24.262126922607422
2002-03-07,24.24315643310547
2002-03-08,24.21470069885254
2002-03-11,24.20520782470703
2002-03-12,24.306400299072266
2002-03-13,24.116674423217773
2002-03-14,23.8795223236084
2002-03-15,24.009166717529297
2002-03-18,23.88584327697754
2002-03-19,23.949079513549805
2002-03-20,23.825759887695312
2002-03-21,23.240795135498047
2002-03-22,23.098506927490234
2002-03-25,22.760169982910156
2002-03-26,23.256486892700195
2002-03-27,23.06559181213379
2002-03-28,23.017868041992188
2002-04-01,22.89061164855957
2002-04-02,22.90333366394043
2002-04-03,22.62018585205078
2002-04-04,22.652000427246094
2002-04-05,23.26601791381836
2002-04-08,23.16104507446289
2002-04-09,23.794143676757812
2002-04-10,24.179092407226562
2002-04-11,23.93731689453125
2002-04-12,23.749608993530273
2002-04-15,23.561899185180664
2002-04-16,24.086835861206055
2002-04-17,23.921401977539062
2002-04-18,23.6541690826416
2002-04-19,23.526901245117188
2002-04-22,22.900150299072266
2002-04-23,22.85879898071289
2002-04-24,22.86834144592285
2002-04-25,23.08785629272461
2002-04-26,22.98923683166504
2002-04-29,22.50565528869629
2002-04-30,22.938331604003906
2002-05-01,22.683822631835938
2002-05-02,23.173765182495117
2002-05-03,23.278749465942383
2002-05-06,22.20659637451172
2002-05-07,22.356124877929688
2002-05-08,23.0019588470459
2002-05-09,22.66473388671875
2002-05-10,22.321125030517578
2002-05-13,22.413393020629883
2002-05-14,23.052860260009766
2002-05-15,23.542808532714844
2002-05-16,23.26601791381836
2002-05-17,23.211946487426758
2002-05-20,22.83333969116211
2002-05-21,22.413393020629883
2002-05-22,22.321125030517578
2002-05-23,22.938331604003906
2002-05-24,22.986051559448242
2002-05-28,22.7442626953125
2002-05-29,22.588375091552734
2002-05-30,22.181142807006836
2002-05-31,22.597911834716797
2002-06-03,22.04751968383789
2002-06-04,21.770740509033203
2002-06-05,22.044342041015625
2002-06-06,21.500314712524414
2002-06-07,21.548036575317383
2002-06-10,21.710283279418945
2002-06-11,21.478050231933594
2002-06-12,21.847095489501953
2002-06-13,21.528942108154297
2002-06-14,21.563940048217773
2002-06-17,22.3370304107666
2002-06-18,22.432472229003906
2002-06-19,21.97116470336914
2002-06-20,21.910728454589844
2002-06-21,21.793012619018555
2002-06-24,21.888446807861328
2002-06-25,21.55438995361328
2002-06-26,21.631250381469727
2002-06-27,22.07636833190918
2002-06-28,21.87141990661621
2002-07-01,21.605632781982422
2002-07-02,21.31422996520996
2002-07-03,21.275798797607422
2002-07-05,21.967487335205078
2002-07-08,21.602436065673828
2002-07-09,21.807371139526367
2002-07-10,20.997209548950195
2002-07-11,20.833887100219727
2002-07-12,20.8723201751709
2002-07-15,20.59372329711914
2002-07-16,19.53376579284668
2002-07-17,19.850797653198242
2002-07-18,19.290401458740234
2002-07-19,18.829267501831055
2002-07-22,18.4930362701416
2002-07-23,18.323320388793945
2002-07-24,19.437705993652344
2002-07-25,19.581804275512695
2002-07-26,19.99489974975586
2002-07-29,21.32383918762207
2002-07-30,21.138097763061523
2002-07-31,21.131698608398438
2002-08-01,20.648162841796875
2002-08-02,19.597814559936523
2002-08-05,19.277597427368164
2002-08-06,19.853994369506836
2002-08-07,20.401594161987305
2002-08-08,20.968381881713867
2002-08-09,21.1348934173584
2002-08-12,21.029226303100586
2002-08-13,20.773048400878906
2002-08-14,21.259784698486328
2002-08-15,21.093273162841797
2002-08-16,21.042037963867188
2002-08-19,21.810577392578125
2002-08-20,21.589614868164062
2002-08-21,21.813779830932617
2002-08-22,22.124399185180664
2002-08-23,21.58321762084961
2002-08-26,21.877826690673828
2002-08-27,21.93545913696289
2002-08-28,21.775352478027344
2002-08-29,21.656869888305664
2002-08-30,21.941869735717773
2002-09-03,21.064449310302734
2002-09-04,21.131698608398438
2002-09-05,21.006807327270508
2002-09-06,20.997209548950195
2002-09-09,20.702600479125977
2002-09-10,21.205352783203125
2002-09-11,21.227766036987305
2002-09-12,20.789058685302734
2002-09-13,20.27029037475586
2002-09-16,19.54978370666504
2002-09-17,19.258371353149414
2002-09-18,19.136690139770508
2002-09-19,19.021411895751953
2002-09-20,19.290401458740234
2002-09-23,18.653154373168945
2002-09-24,18.46101188659668
2002-09-25,18.98939323425293
2002-09-26,19.66389274597168
2002-09-27,19.26693344116211
2002-09-30,18.824796676635742
2002-10-01,19.689706802368164
2002-10-02,19.28952980041504
2002-10-03,19.4379825592041
2002-10-04,18.866748809814453
2002-10-07,18.3406982421875
2002-10-08,18.863515853881836
2002-10-09,17.985698699951172
2002-10-10,18.84093475341797
2002-10-11,19.405710220336914
2002-10-14,19.041025161743164
2002-10-15,20.15121078491211
2002-10-16,18.876436233520508
2002-10-17,19.418621063232422
2002-10-18,19.870441436767578
2002-10-21,20.706310272216797
2002-10-22,19.973709106445312
2002-10-23,20.038251876831055
2002-10-24,20.05762481689453
2002-10-25,20.199623107910156
2002-10-28,19.728439331054688
2002-10-29,19.728439331054688
2002-10-30,20.038251876831055
2002-10-31,19.815570831298828
2002-11-01,20.183488845825195
2002-11-04,20.386802673339844
2002-11-05,20.79344367980957
2002-11-06,20.906396865844727
2002-11-07,20.260942459106445
2002-11-08,20.367441177368164
2002-11-11,19.873668670654297
2002-11-12,20.42230224609375
2002-11-13,20.206079483032227
2002-11-14,20.838626861572266
2002-11-15,21.090356826782227
2002-11-18,20.719209671020508
2002-11-19,20.644994735717773
2002-11-20,20.725671768188477
2002-11-21,21.251712799072266
2002-11-22,21.30980682373047
2002-11-25,21.1774959564209
2002-11-26,20.544944763183594
2002-11-27,21.758411407470703
2002-11-29,21.94236183166504
2002-12-02,22.22313690185547
2002-12-03,21.687400817871094
2002-12-04,21.78744888305664
2002-12-05,21.51313018798828
2002-12-06,21.92299461364746
2002-12-09,21.3324031829834
2002-12-10,21.31627082824707
2002-12-11,21.484094619750977
2002-12-12,21.503450393676758
2002-12-13,20.970947265625
2002-12-16,21.371135711669922
2002-12-17,21.187175750732422
2002-12-18,21.022584915161133
2002-12-19,20.799901962280273
2002-12-20,21.254945755004883
2002-12-23,21.345308303833008
2002-12-24,21.251712799072266
2002-12-26,21.242040634155273
2002-12-27,20.891042709350586
2002-12-30,21.09253692626953
2002-12-31,21.07954216003418
2003-01-02,22.018789291381836
2003-01-03,21.684043884277344
2003-01-06,22.09029197692871
2003-01-07,21.690536499023438
2003-01-08,21.206289291381836
2003-01-09,21.498788833618164
2003-01-10,21.3525447845459
2003-01-13,21.173786163330078
2003-01-14,21.193288803100586
2003-01-15,20.978790283203125
2003-01-16,21.05028533935547
2003-01-17,20.83903694152832
2003-01-21,20.380786895751953
2003-01-22,19.964786529541016
2003-01-23,20.95279312133789
2003-01-24,20.410032272338867
2003-01-27,19.7535343170166
2003-01-28,19.899784088134766
2003-01-29,20.358034133911133
2003-01-30,19.503286361694336
2003-01-31,19.766538619995117
2003-02-03,20.023290634155273
2003-02-04,19.704788208007812
2003-02-05,19.659286499023438
2003-02-06,19.45128631591797
2003-02-07,19.165281295776367
2003-02-10,19.214038848876953
2003-02-11,19.152278900146484
2003-02-12,19.07428550720215
2003-02-13,18.59328269958496
2003-02-14,18.85652732849121
2003-02-18,19.31803321838379
2003-02-19,19.178285598754883
2003-02-20,19.103540420532227
2003-02-21,19.366783142089844
2003-02-24,18.88578987121582
2003-02-25,19.110036849975586
2003-02-26,19.015783309936523
2003-02-27,19.175033569335938
2003-02-28,19.360288619995117
2003-03-03,19.389535903930664
2003-03-04,18.98328399658203
2003-03-05,19.18479347229004
2003-03-06,18.720046997070312
2003-03-07,19.077533721923828
2003-03-10,18.346281051635742
2003-03-11,18.034286499023438
2003-03-12,17.923776626586914
2003-03-13,18.86302947998047
2003-03-14,18.518529891967773
2003-03-17,19.630037307739258
2003-03-18,19.766538619995117
2003-03-19,19.675533294677734
2003-03-20,19.701536178588867
2003-03-21,20.338537216186523
2003-03-24,19.597537994384766
2003-03-25,19.669042587280273
2003-03-26,19.587783813476562
2003-03-27,19.571407318115234
2003-03-28,19.086708068847656
2003-03-31,19.044139862060547
2003-04-01,19.201337814331055
2003-04-02,20.21985626220703
2003-04-03,20.177282333374023
2003-04-04,20.21985626220703
2003-04-07,20.370515823364258
2003-04-08,20.360685348510742
2003-04-09,20.147809982299805
2003-04-10,20.275535583496094
2003-04-11,20.32465934753418
2003-04-14,20.894512176513672
2003-04-15,20.74713134765625
2003-04-16,20.60959243774414
2003-04-17,20.773330688476562
2003-04-21,20.64888572692871
2003-04-22,20.999305725097656
2003-04-23,21.09100914001465
2003-04-24,20.878135681152344
2003-04-25,20.50478744506836
2003-04-28,21.192535400390625
2003-04-29,21.107385635375977
2003-04-30,20.953466415405273
2003-05-01,20.85194206237793
2003-05-02,21.133586883544922
2003-05-05,21.081180572509766
2003-05-06,21.22201919555664
2003-05-07,21.03533935546875
2003-05-08,20.85521125793457
2003-05-09,21.22201919555664
2003-05-12,21.70016098022461
2003-05-13,21.457815170288086
2003-05-14,21.202354431152344
2003-05-15,21.644485473632812
2003-05-16,21.493839263916016
2003-05-19,20.77988624572754
2003-05-20,20.750411987304688
2003-05-21,20.419631958007812
2003-05-22,20.763513565063477
2003-05-23,20.501508712768555
2003-05-27,20.724212646484375
2003-05-28,20.50478744506836
2003-05-29,20.157638549804688
2003-05-30,20.321392059326172
2003-06-02,20.82900619506836
2003-06-03,20.989486694335938
2003-06-04,21.09100914001465
2003-06-05,21.303882598876953
2003-06-06,21.38248062133789
2003-06-09,21.159791946411133
2003-06-10,21.205642700195312
2003-06-11,21.696884155273438
2003-06-12,22.04075813293457
2003-06-13,21.621564865112305
2003-06-16,22.211063385009766
2003-06-17,22.296213150024414
2003-06-18,21.97526741027832
2003-06-19,21.664140701293945
2003-06-20,21.782039642333984
2003-06-23,21.69361686706543
2003-06-24,21.74274253845215
2003-06-25,21.765653610229492
2003-06-26,22.029495239257812
2003-06-27,21.670026779174805
2003-06-30,21.716197967529297
2003-07-01,21.66672706604004
2003-07-02,21.88109016418457
2003-07-03,21.637052536010742
2003-07-07,22.006406784057617
2003-07-08,22.167997360229492
2003-07-09,21.940454483032227
2003-07-10,21.61726188659668
2003-07-11,21.772258758544922
2003-07-14,21.66343116760254
2003-07-15,21.5117244720459
2003-07-16,21.50513458251953
2003-07-17,21.963533401489258
2003-07-18,22.276826858520508
2003-07-21,22.23725128173828
2003-07-22,21.854703903198242
2003-07-23,22.322998046875
2003-07-24,21.940454483032227
2003-07-25,22.454906463623047
2003-07-28,22.494482040405273
2003-07-29,22.73522186279297
2003-07-30,22.738527297973633
2003-07-31,22.96937370300293
2003-08-01,22.87042999267578
2003-08-04,22.886919021606445
2003-08-05,22.646181106567383
2003-08-06,22.5340576171875
2003-08-07,22.425230026245117
2003-08-08,22.5340576171875
2003-08-11,22.609907150268555
2003-08-12,23.022132873535156
2003-08-13,23.1540584564209
2003-08-14,23.497018814086914
2003-08-15,23.523401260375977
2003-08-18,23.79713249206543
2003-08-19,23.704776763916016
2003-08-20,23.62563133239746
2003-08-21,23.909252166748047
2003-08-22,23.60255241394043
2003-08-25,23.622339248657227
2003-08-26,23.470632553100586
2003-08-27,23.3848934173584
2003-08-28,23.54648780822754
2003-08-29,23.839988708496094
2003-09-02,24.337974548339844
2003-09-03,24.179672241210938
2003-09-04,24.159887313842773
2003-09-05,23.91254425048828
2003-09-08,23.96201515197754
2003-09-09,23.783935546875
2003-09-10,23.269466400146484
2003-09-11,23.46074104309082
2003-09-12,23.54648780822754
2003-09-15,23.450851440429688
2003-09-16,23.767446517944336
2003-09-17,23.46074104309082
2003-09-18,23.714679718017578
2003-09-19,23.7872314453125
2003-09-22,23.32552719116211
2003-09-23,23.269466400146484
2003-09-24,22.771501541137695
2003-09-25,22.517568588256836
2003-09-26,22.42456817626953
2003-09-29,22.504287719726562
2003-09-30,22.006107330322266
2003-10-01,22.464426040649414
2003-10-02,22.793222427368164
2003-10-03,22.95596694946289
2003-10-06,23.022397994995117
2003-10-07,22.949312210083008
2003-10-08,22.97256088256836
2003-10-09,23.141944885253906
2003-10-10,23.29804801940918
2003-10-13,23.573701858520508
2003-10-14,23.540485382080078
2003-10-15,23.596939086914062
2003-10-16,23.60358428955078
2003-10-17,23.743072509765625
2003-10-20,23.909137725830078
2003-10-21,23.826112747192383
2003-10-22,23.54712677001953
2003-10-23,23.620197296142578
2003-10-24,23.540485382080078
2003-10-27,23.78957748413086
2003-10-28,23.573701858520508
2003-10-29,23.899169921875
2003-10-30,24.347530364990234
2003-10-31,24.427236557006836
2003-11-03,24.649768829345703
2003-11-04,24.689611434936523
2003-11-05,24.77596664428711
2003-11-06,25.114730834960938
2003-11-07,25.044984817504883
2003-11-10,24.88224220275879
2003-11-11,24.96195411682129
2003-11-12,25.333921432495117
2003-11-13,25.267498016357422
2003-11-14,25.194435119628906
2003-11-17,25.081512451171875
2003-11-18,24.85899543762207
2003-11-19,24.975238800048828
2003-11-20,24.766002655029297
2003-11-21,24.659730911254883
2003-11-24,25.035017013549805
2003-11-25,25.9682674407959
2003-11-26,25.8221378326416
2003-11-28,25.938377380371094
2003-12-01,26.532875061035156
2003-12-02,26.453157424926758
2003-12-03,26.732128143310547
2003-12-04,26.967939376831055
2003-12-05,27.00116729736328
2003-12-08,27.200429916381836
2003-12-09,27.469440460205078
2003-12-10,27.150609970092773
2003-12-11,27.137325286865234
2003-12-12,27.047653198242188
2003-12-15,27.150609970092773
2003-12-16,27.157245635986328
2003-12-17,27.1705379486084
2003-12-18,27.751731872558594
2003-12-19,27.515932083129883
2003-12-22,27.841411590576172
2003-12-23,27.864646911621094
2003-12-24,27.628849029541016
2003-12-26,27.794918060302734
2003-12-29,28.108903884887695
2003-12-30,27.958581924438477
2003-12-31,28.028730392456055
2004-01-02,27.601181030273438
2004-01-05,28.048784255981445
2004-01-06,28.07550621032715
2004-01-07,27.941884994506836
2004-01-08,27.985313415527344
2004-01-09,27.49762535095215
2004-01-12,27.891788482666016
2004-01-13,28.00534439086914
2004-01-14,28.272594451904297
2004-01-15,28.319351196289062
2004-01-16,28.235843658447266
2004-01-20,27.073408126831055
2004-01-21,27.417444229125977
2004-01-22,27.30388832092285
2004-01-23,27.434144973754883
2004-01-26,27.31389808654785
2004-01-27,26.983217239379883
2004-01-28,26.609098434448242
2004-01-29,25.90428352355957
2004-01-30,26.08800506591797
2004-02-02,26.061283111572266
2004-02-03,26.047922134399414
2004-02-04,25.72056770324707
2004-02-05,26.158145904541016
2004-02-06,26.508892059326172
2004-02-09,26.184877395629883
2004-02-10,26.318485260009766
2004-02-11,26.70597267150879
2004-02-12,26.6658878326416
2004-02-13,26.335189819335938
2004-02-17,26.465457916259766
2004-02-18,26.338529586791992
2004-02-19,26.35523223876953
2004-02-20,26.515567779541016
2004-02-23,26.55230140686035
2004-02-24,26.204912185668945
2004-02-25,26.48885726928711
2004-02-26,26.62914276123047
2004-02-27,26.562332153320312
2004-03-01,26.68926429748535
2004-03-02,26.442087173461914
2004-03-03,26.45542335510254
2004-03-04,26.321834564208984
2004-03-05,26.29511260986328
2004-03-08,25.79405403137207
2004-03-09,25.530168533325195
2004-03-10,24.98234748840332
2004-03-11,24.524728775024414
2004-03-12,25.28297996520996
2004-03-15,25.446659088134766
2004-03-16,25.7038631439209
2004-03-17,26.07130241394043
2004-03-18,25.967754364013672
2004-03-19,25.763988494873047
2004-03-22,25.319719314575195
2004-03-23,25.222856521606445
2004-03-24,25.176088333129883
2004-03-25,25.82745933532715
2004-03-26,25.78737449645996
2004-03-29,26.24785614013672
2004-03-30,26.496593475341797
2004-03-31,26.631038665771484
2004-04-01,26.510038375854492
2004-04-02,26.7722110748291
2004-04-05,27.316740036010742
2004-04-06,27.420936584472656
2004-04-07,27.020944595336914
2004-04-08,27.104982376098633
2004-04-12,27.219247817993164
2004-04-13,26.862964630126953
2004-04-14,27.098255157470703
2004-04-15,27.59235382080078
2004-04-16,27.962081909179688
2004-04-19,27.965450286865234
2004-04-20,28.11334228515625
2004-04-21,28.738527297973633
2004-04-22,30.046049118041992
2004-04-23,29.61246109008789
2004-04-26,29.25615882873535
2004-04-27,29.625896453857422
2004-04-28,28.94356918334961
2004-04-29,28.973819732666016
2004-04-30,28.977188110351562
2004-05-03,29.417505264282227
2004-05-04,29.42422103881836
2004-05-05,29.44439697265625
2004-05-06,29.24608039855957
2004-05-07,28.899885177612305
2004-05-10,28.163766860961914
2004-05-11,28.341917037963867
2004-05-12,28.76541519165039
2004-05-13,28.375524520874023
2004-05-14,28.792322158813477
2004-05-17,28.52005958557129
2004-05-18,28.731815338134766
2004-05-19,28.792322158813477
2004-05-20,29.04104232788086
2004-05-21,29.32674217224121
2004-05-24,29.713289260864258
2004-05-25,30.28469467163086
2004-05-26,30.15024757385254
2004-05-27,30.18386459350586
2004-05-28,30.21075439453125
2004-06-01,30.68804931640625
2004-06-02,31.276260375976562
2004-06-03,31.192232131958008
2004-06-04,31.02080726623535
2004-06-07,31.595605850219727
2004-06-08,31.649368286132812
2004-06-09,31.716590881347656
2004-06-10,31.706510543823242
2004-06-14,31.242656707763672
2004-06-15,30.970386505126953
2004-06-16,30.967029571533203
2004-06-17,31.074588775634766
2004-06-18,31.182147979736328
2004-06-21,31.047710418701172
2004-06-22,31.222496032714844
2004-06-23,31.686338424682617
2004-06-24,31.861135482788086
2004-06-25,32.116573333740234
2004-06-28,32.153743743896484
2004-06-29,32.295623779296875
2004-06-30,32.393577575683594
2004-07-01,31.981449127197266
2004-07-02,31.63011932373047
2004-07-06,31.295669555664062
2004-07-07,31.265274047851562
2004-07-08,31.150409698486328
2004-07-09,31.56592559814453
2004-07-12,31.37337303161621
2004-07-13,31.33957290649414
2004-07-14,31.383506774902344
2004-07-15,31.359859466552734
2004-07-16,31.650371551513672
2004-07-19,31.268651962280273
2004-07-20,31.119993209838867
2004-07-21,29.305917739868164
2004-07-22,29.535621643066406
2004-07-23,29.339689254760742
2004-07-26,29.667377471923828
2004-07-27,29.97817039489746
2004-07-28,30.25180435180664
2004-07-29,30.525428771972656
2004-07-30,30.57947540283203
2004-08-02,30.47138214111328
2004-08-03,30.498422622680664
2004-08-04,30.76192283630371
2004-08-05,30.201135635375977
2004-08-06,29.576169967651367
2004-08-09,29.684274673461914
2004-08-10,30.22478675842285
2004-08-11,30.2686824798584
2004-08-12,29.829526901245117
2004-08-13,29.707914352416992
2004-08-16,30.21126365661621
2004-08-17,30.366662979125977
2004-08-18,30.73151969909668
2004-08-19,30.40382194519043
2004-08-20,30.657197952270508
2004-08-23,30.57611656188965
2004-08-24,30.623397827148438
2004-08-25,30.907182693481445
2004-08-26,30.984874725341797
2004-08-27,31.09296989440918
2004-08-30,30.76192283630371
2004-08-31,30.839611053466797
2004-09-01,30.984874725341797
2004-09-02,31.28215789794922
2004-09-03,31.424041748046875
2004-09-07,31.299049377441406
2004-09-08,30.954469680786133
2004-09-09,30.33625602722168
2004-09-10,30.055866241455078
2004-09-13,30.25180435180664
2004-09-14,29.863306045532227
2004-09-15,29.89032745361328
2004-09-16,30.73827362060547
2004-09-17,31.079469680786133
2004-09-20,30.89029312133789
2004-09-21,31.251747131347656
2004-09-22,30.900413513183594
2004-09-23,30.616640090942383
2004-09-24,30.849748611450195
2004-09-27,30.606517791748047
2004-09-28,31.06540870666504
2004-09-29,31.456314086914062
2004-09-30,31.67046356201172
2004-10-01,32.190555572509766
2004-10-04,32.07157897949219
2004-10-05,31.90842056274414
2004-10-06,32.37071228027344
2004-10-07,32.04098892211914
2004-10-08,31.701078414916992
2004-10-11,31.69765853881836
2004-10-12,31.456314086914062
2004-10-13,30.919235229492188
2004-10-14,30.7085018157959
2004-10-15,31.031415939331055
2004-10-18,30.796873092651367
2004-10-19,30.208805084228516
2004-10-20,30.290386199951172
2004-10-21,30.5079402923584
2004-10-22,30.290386199951172
2004-10-25,30.348176956176758
2004-10-26,30.694889068603516
2004-10-27,30.895444869995117
2004-10-28,30.963420867919922
2004-10-29,31.367942810058594
2004-11-01,31.167387008666992
2004-11-02,30.93284034729004
2004-11-03,31.42572593688965
2004-11-04,32.180355072021484
2004-11-05,32.21772766113281
2004-11-08,32.17354202270508
2004-11-09,32.102176666259766
2004-11-10,31.901609420776367
2004-11-11,32.44208908081055
2004-11-12,32.62565612792969
2004-11-15,32.479488372802734
2004-11-16,32.07157897949219
2004-11-17,32.190555572509766
2004-11-18,32.53048324584961
2004-11-19,32.25172805786133
2004-11-22,32.629066467285156
2004-11-23,32.421695709228516
2004-11-24,32.49308395385742
2004-11-26,32.537261962890625
2004-11-29,32.374107360839844
2004-11-30,32.03079605102539
2004-12-01,32.506675720214844
2004-12-02,32.316322326660156
2004-12-03,32.302734375
2004-12-06,32.234737396240234
2004-12-07,31.97299575805664
2004-12-08,32.129356384277344
2004-12-09,32.102176666259766
2004-12-10,31.843835830688477
2004-12-13,31.88461685180664
2004-12-14,31.748655319213867
2004-12-15,31.333942413330078
2004-12-16,31.225181579589844
2004-12-17,31.170780181884766
2004-12-20,31.527692794799805
2004-12-21,31.65687370300293
2004-12-22,31.765640258789062
2004-12-23,31.871030807495117
2004-12-27,31.646671295166016
2004-12-28,31.74184799194336
2004-12-29,31.80341911315918
2004-12-30,31.76920509338379
2004-12-31,31.69397735595703
2005-01-03,31.516141891479492
2005-01-04,31.317806243896484
2005-01-05,31.50247573852539
2005-01-06,31.163923263549805
2005-01-07,31.12630844116211
2005-01-10,31.208375930786133
2005-01-11,31.092105865478516
2005-01-12,31.12630844116211
2005-01-13,30.862972259521484
2005-01-14,31.328065872192383
2005-01-18,31.24599266052246
2005-01-19,31.204944610595703
2005-01-20,30.572298049926758
2005-01-21,29.990942001342773
2005-01-24,29.85416030883789
2005-01-25,29.919137954711914
2005-01-26,29.7515811920166
2005-01-27,29.498516082763672
2005-01-28,29.679758071899414
2005-01-31,29.744731903076172
2005-02-01,30.008056640625
2005-02-02,29.956758499145508
2005-02-03,29.806297302246094
2005-02-04,29.922571182250977
2005-02-07,29.86101531982422
2005-02-08,30.059341430664062
2005-02-09,29.72079849243164
2005-02-10,30.158533096313477
2005-02-11,30.428686141967773
2005-02-14,30.35344123840332
2005-02-15,30.199569702148438
2005-02-16,30.39790153503418
2005-02-17,31.174179077148438
2005-02-18,31.29044532775879
2005-02-22,30.58600616455078
2005-02-23,30.82194709777832
2005-02-24,30.75356101989746
2005-02-25,30.931385040283203
2005-02-28,30.69199562072754
2005-03-01,31.21522331237793
2005-03-02,31.051063537597656
2005-03-03,31.23915672302246
2005-03-04,32.018863677978516
2005-03-07,31.86495590209961
2005-03-08,31.738445281982422
2005-03-09,31.608482360839844
2005-03-10,31.885480880737305
2005-03-11,31.827346801757812
2005-03-14,31.786325454711914
2005-03-15,32.24456024169922
2005-03-16,31.981229782104492
2005-03-17,31.844453811645508
2005-03-18,31.59137725830078
2005-03-21,31.522987365722656
2005-03-22,31.454608917236328
2005-03-23,31.46141815185547
2005-03-24,31.324649810791016
2005-03-28,31.030536651611328
2005-03-29,30.459365844726562
2005-03-30,30.84129524230957
2005-03-31,30.806884765625
2005-04-01,30.7139835357666
2005-04-04,30.7690372467041
2005-04-05,31.150991439819336
2005-04-06,31.054624557495117
2005-04-07,31.367765426635742
2005-04-08,31.102811813354492
2005-04-11,31.051189422607422
2005-04-12,31.39529800415039
2005-04-13,30.676130294799805
2005-04-14,29.97416877746582
2005-04-15,29.272233963012695
2005-04-18,29.674816131591797
2005-04-19,30.211612701416016
2005-04-20,29.605998992919922
2005-04-21,29.764278411865234
2005-04-22,29.28598976135254
2005-04-25,29.5440616607666
2005-04-26,28.928136825561523
2005-04-27,29.079538345336914
2005-04-28,28.47391700744629
2005-04-29,28.84211540222168
2005-05-02,28.890262603759766
2005-05-03,29.007272720336914
2005-05-04,29.444265365600586
2005-05-05,29.22748565673828
2005-05-06,29.32727813720703
2005-05-09,29.306638717651367
2005-05-10,28.804248809814453
2005-05-11,29.08296012878418
2005-05-12,28.75608253479004
2005-05-13,28.24336814880371
2005-05-16,28.663175582885742
2005-05-17,29.113937377929688
2005-05-18,29.306638717651367
2005-05-19,29.065765380859375
2005-05-20,28.85586166381836
2005-05-23,29.36513328552246
2005-05-24,29.248132705688477
2005-05-25,29.117382049560547
2005-05-26,29.275665283203125
2005-05-27,29.43051528930664
2005-05-31,29.051990509033203
2005-06-01,29.495882034301758
2005-06-02,29.43051528930664
2005-06-03,29.306638717651367
2005-06-06,29.2171688079834
2005-06-07,29.478689193725586
2005-06-08,28.897151947021484
2005-06-09,28.370691299438477
2005-06-10,28.043790817260742
2005-06-13,28.36380386352539
2005-06-14,28.356918334960938
2005-06-15,28.370691299438477
2005-06-16,28.525541305541992
2005-06-17,28.72510528564453
2005-06-20,28.821453094482422
2005-06-21,28.711347579956055
2005-06-22,28.34316635131836
2005-06-23,28.171119689941406
2005-06-24,27.765079498291016
2005-06-27,27.534534454345703
2005-06-28,28.15135383605957
2005-06-29,28.047391891479492
2005-06-30,27.61077117919922
2005-07-01,27.77364158630371
2005-07-05,28.18253517150879
2005-07-06,27.877592086791992
2005-07-07,27.98847198486328
2005-07-08,28.556766510009766
2005-07-11,28.504796981811523
2005-07-12,28.237972259521484
2005-07-13,28.518657684326172
2005-07-14,28.761220932006836
2005-07-15,28.76468276977539
2005-07-18,28.542917251586914
2005-07-19,28.830520629882812
2005-07-20,29.419612884521484
2005-07-21,29.152799606323242
2005-07-22,29.714149475097656
2005-07-25,29.682973861694336
2005-07-26,29.72453498840332
2005-07-27,29.800783157348633
2005-07-28,29.93246078491211
2005-07-29,29.679506301879883
2005-08-01,29.630992889404297
2005-08-02,29.89781379699707
2005-08-03,30.001758575439453
2005-08-04,29.83544158935547
2005-08-05,29.852764129638672
2005-08-08,29.745338439941406
2005-08-09,29.800783157348633
2005-08-10,29.745338439941406
2005-08-11,29.987905502319336
2005-08-12,30.112638473510742
2005-08-15,30.213146209716797
2005-08-16,29.922054290771484
2005-08-17,29.942859649658203
2005-08-18,29.766130447387695
2005-08-19,29.710676193237305
2005-08-22,29.6760311126709
2005-08-23,29.471588134765625
2005-08-24,29.29486083984375
2005-08-25,29.15626335144043
2005-08-26,29.034984588623047
2005-08-29,29.249813079833984
2005-08-30,28.785490036010742
2005-08-31,29.204769134521484
2005-09-01,29.644838333129883
2005-09-02,29.67256736755371
2005-09-06,29.93246078491211
2005-09-07,29.821571350097656
2005-09-08,29.291391372680664
2005-09-09,29.3260440826416
2005-09-12,29.11467742919922
2005-09-13,28.785490036010742
2005-09-14,28.518657684326172
2005-09-15,28.47014808654785
2005-09-16,28.272634506225586
2005-09-19,27.98155975341797
2005-09-20,27.853343963623047
2005-09-21,27.326622009277344
2005-09-22,27.55186653137207
2005-09-23,27.790964126586914
2005-09-26,27.43404769897461
2005-09-27,27.759777069091797
2005-09-28,28.04977798461914
2005-09-29,28.469058990478516
2005-09-30,28.766048431396484
2005-10-03,28.636760711669922
2005-10-04,28.283884048461914
2005-10-05,27.990385055541992
2005-10-06,27.92050552368164
2005-10-07,27.951940536499023
2005-10-10,27.910018920898438
2005-10-11,27.983386993408203
2005-10-12,28.091711044311523
2005-10-13,28.021825790405273
2005-10-14,28.35027313232422
2005-10-17,28.343284606933594
2005-10-18,28.434114456176758
2005-10-19,28.787002563476562
2005-10-20,28.269901275634766
2005-10-21,28.011337280273438
2005-10-24,28.301334381103516
2005-10-25,28.329301834106445
2005-10-26,28.807971954345703
2005-10-27,28.668216705322266
2005-10-28,29.422914505004883
2005-10-31,29.615076065063477
2005-11-01,29.342552185058594
2005-11-02,29.499774932861328
2005-11-03,29.674482345581055
2005-11-04,29.380985260009766
2005-11-07,29.702438354492188
2005-11-08,29.71292495727539
2005-11-09,29.566171646118164
2005-11-10,29.796768188476562
2005-11-11,30.048341751098633
2005-11-14,29.98545265197754
2005-11-15,30.471113204956055
2005-11-16,30.278949737548828
2005-11-17,30.471113204956055
2005-11-18,30.443159103393555
2005-11-21,30.49557876586914
2005-11-22,30.48158073425293
2005-11-23,30.582931518554688
2005-11-25,30.48158073425293
2005-11-28,30.764602661132812
2005-11-29,30.600406646728516
2005-11-30,30.841476440429688
2005-12-01,31.299190521240234
2005-12-02,31.334131240844727
2005-12-05,31.093048095703125
2005-12-06,30.89040756225586
2005-12-07,30.565448760986328
2005-12-08,30.331344604492188
2005-12-09,30.70171546936035
2005-12-12,30.963764190673828
2005-12-13,31.061595916748047
2005-12-14,31.51580810546875
2005-12-15,31.323644638061523
2005-12-16,31.459903717041016
2005-12-19,31.211851119995117
2005-12-20,31.134979248046875
2005-12-21,31.50185203552246
2005-12-22,31.519317626953125
2005-12-23,31.714981079101562
2005-12-27,31.1140193939209
2005-12-28,31.494182586669922
2005-12-29,31.3498477935791
2005-12-30,30.973215103149414
2006-01-03,31.532896041870117
2006-01-04,31.62090301513672
2006-01-05,31.311138153076172
2006-01-06,31.758169174194336
2006-01-09,31.61739730834961
2006-01-10,31.49065589904785
2006-01-11,31.677228927612305
2006-01-12,31.76170539855957
2006-01-13,31.518831253051758
2006-01-17,31.610342025756836
2006-01-18,31.62442398071289
2006-01-19,31.466018676757812
2006-01-20,30.434642791748047
2006-01-23,30.828899383544922
2006-01-24,30.786638259887695
2006-01-25,30.578954696655273
2006-01-26,30.34309959411621
2006-01-27,30.864086151123047
2006-01-30,31.163286209106445
2006-01-31,29.670772552490234
2006-02-01,29.568693161010742
2006-02-02,30.089656829833984
2006-02-03,29.808063507080078
2006-02-06,29.8854923248291
2006-02-07,29.730615615844727
2006-02-08,29.8854923248291
2006-02-09,29.931257247924805
2006-02-10,30.033349990844727
2006-02-13,30.2726993560791
2006-02-14,30.82183837890625
2006-02-15,31.12104034423828
2006-02-16,31.04362678527832
2006-02-17,31.131614685058594
2006-02-21,30.906326293945312
2006-02-22,31.036558151245117
2006-02-23,30.575429916381836
2006-02-24,30.476890563964844
2006-02-27,30.505037307739258
2006-02-28,30.21637725830078
2006-03-01,31.082338333129883
2006-03-02,31.170337677001953
2006-03-03,31.367456436157227
2006-03-06,31.634973526000977
2006-03-07,31.930654525756836
2006-03-08,31.62794303894043
2006-03-09,31.62442398071289
2006-03-10,32.22987747192383
2006-03-13,32.507957458496094
2006-03-14,33.05357360839844
2006-03-15,34.042728424072266
2006-03-16,34.46161651611328
2006-03-17,34.370079040527344
2006-03-20,33.96879959106445
2006-03-21,33.65198516845703
2006-03-22,34.644649505615234
2006-03-23,34.46513748168945
2006-03-24,34.215206146240234
2006-03-27,34.063846588134766
2006-03-28,34.07439041137695
2006-03-29,33.83338928222656
2006-03-30,33.82275390625
2006-03-31,34.1346435546875
2006-04-03,34.18428421020508
2006-04-04,34.2515983581543
2006-04-05,34.73008346557617
2006-04-06,33.84756851196289
2006-04-07,33.865299224853516
2006-04-10,33.971622467041016
2006-04-11,33.75188064575195
2006-04-12,33.9326286315918
2006-04-13,33.9361686706543
2006-04-17,34.152366638183594
2006-04-18,34.953365325927734
2006-04-19,35.1483154296875
2006-04-20,35.974117279052734
2006-04-21,36.385250091552734
2006-04-24,36.59080505371094
2006-04-25,36.37461471557617
2006-04-26,36.984222412109375
2006-04-27,36.61208724975586
2006-04-28,36.3994255065918
2006-05-01,36.4029655456543
2006-05-02,36.4915771484375
2006-05-03,37.00194549560547
2006-05-04,36.87435531616211
2006-05-05,37.5194091796875
2006-05-08,37.774593353271484
2006-05-09,37.58674240112305
2006-05-10,37.52296829223633
2006-05-11,37.45207595825195
2006-05-12,36.43133544921875
2006-05-15,36.27891540527344
2006-05-16,36.466766357421875
2006-05-17,35.52753448486328
2006-05-18,35.18729782104492
2006-05-19,35.42475509643555
2006-05-22,34.985267639160156
2006-05-23,35.20147705078125
2006-05-24,35.236915588378906
2006-05-25,35.70829772949219
2006-05-26,35.626773834228516
2006-05-30,34.93210983276367
2006-05-31,35.19438934326172
2006-06-01,35.74728012084961
2006-06-02,35.49211120605469
2006-06-05,34.91082763671875
2006-06-06,34.868309020996094
2006-06-07,34.421730041503906
2006-06-08,34.03895568847656
2006-06-09,34.52806854248047
2006-06-12,33.90427780151367
2006-06-13,33.59946823120117
2006-06-14,33.52858352661133
2006-06-15,34.71236801147461
2006-06-16,34.18783187866211
2006-06-19,33.6207389831543
2006-06-20,33.74123764038086
2006-06-21,33.975162506103516
2006-06-22,33.670352935791016
2006-06-23,33.69871139526367
2006-06-26,33.76250457763672
2006-06-27,33.35136413574219
2006-06-28,33.283775329589844
2006-06-29,33.89554214477539
2006-06-30,33.788856506347656
2006-07-03,33.795955657958984
2006-07-05,33.36205291748047
2006-07-06,33.04904556274414
2006-07-07,32.40172576904297
2006-07-10,32.53688430786133
2006-07-11,32.44440841674805
2006-07-12,32.166996002197266
2006-07-13,31.683265686035156
2006-07-14,31.43430519104004
2006-07-17,30.82965850830078
2006-07-18,30.516672134399414
2006-07-19,31.491214752197266
2006-07-20,31.092853546142578
2006-07-21,30.82965850830078
2006-07-24,31.249343872070312
2006-07-25,31.683265686035156
2006-07-26,31.5694522857666
2006-07-27,32.31636428833008
2006-07-28,32.47286605834961
2006-07-31,32.52976608276367
2006-08-01,31.996257781982422
2006-08-02,32.344818115234375
2006-08-03,33.006370544433594
2006-08-04,33.09172821044922
2006-08-07,32.96369552612305
2006-08-08,32.124290466308594
2006-08-09,31.306251525878906
2006-08-10,31.72593879699707
2006-08-11,31.498327255249023
2006-08-14,31.4129638671875
2006-08-15,31.939353942871094
2006-08-16,32.280799865722656
2006-08-17,32.18120574951172
2006-08-18,31.996257781982422
2006-08-21,31.555219650268555
2006-08-22,31.43430519104004
2006-08-23,31.363182067871094
2006-08-24,31.085742950439453
2006-08-25,30.957685470581055
2006-08-28,31.099956512451172
2006-08-29,31.235126495361328
2006-08-30,31.192445755004883
2006-08-31,31.228002548217773
2006-09-01,31.420080184936523
2006-09-05,31.391618728637695
2006-09-06,30.858112335205078
2006-09-07,30.95057487487793
2006-09-08,31.270689010620117
2006-09-11,31.16399383544922
2006-09-12,31.085742950439453
2006-09-13,31.220903396606445
2006-09-14,31.775728225708008
2006-09-15,30.964811325073242
2006-09-18,31.263568878173828
2006-09-19,31.683265686035156
2006-09-20,31.853986740112305
2006-09-21,31.270689010620117
2006-09-22,31.34893226623535
2006-09-25,31.697492599487305
2006-09-26,32.26656723022461
2006-09-27,32.36662292480469
2006-09-28,32.4166374206543
2006-09-29,32.08790969848633
2006-10-02,32.30230712890625
2006-10-03,32.502410888671875
2006-10-04,32.916908264160156
2006-10-05,33.91741180419922
2006-10-06,34.12466812133789
2006-10-09,34.07463455200195
2006-10-10,34.453399658203125
2006-10-11,34.689239501953125
2006-10-12,34.967960357666016
2006-10-13,35.125186920166016
2006-10-16,35.725502014160156
2006-10-17,35.37531661987305
2006-10-18,33.74591064453125
2006-10-19,33.29567337036133
2006-10-20,33.11701965332031
2006-10-23,33.58868408203125
2006-10-24,33.56008529663086
2006-10-25,33.37427520751953
2006-10-26,33.95314407348633
2006-10-27,33.61012268066406
2006-10-30,34.2533073425293
2006-10-31,34.2533073425293
2006-11-01,34.13181686401367
2006-11-02,33.69588088989258
2006-11-03,33.41716766357422
2006-11-06,33.69588088989258
2006-11-07,34.046051025390625
2006-11-08,34.24616241455078
2006-11-09,33.5958251953125
2006-11-10,33.474327087402344
2006-11-13,33.62441635131836
2006-11-14,33.581539154052734
2006-11-15,33.75304412841797
2006-11-16,33.75304412841797
2006-11-17,33.63871383666992
2006-11-20,33.231353759765625
2006-11-21,33.58868408203125
2006-11-22,33.99603271484375
2006-11-24,33.867401123046875
2006-11-27,33.531497955322266
2006-11-28,33.381431579589844
2006-11-29,33.65299987792969
2006-11-30,33.73162078857422
2006-12-01,33.46718215942383
2006-12-04,33.78163528442383
2006-12-05,33.91741180419922
2006-12-06,33.84596252441406
2006-12-07,33.795928955078125
2006-12-08,33.967445373535156
2006-12-11,33.39571762084961
2006-12-12,33.46718215942383
2006-12-13,33.338539123535156
2006-12-14,34.24616241455078
2006-12-15,33.44574737548828
2006-12-18,33.760196685791016
2006-12-19,33.56724166870117
2006-12-20,33.345703125
2006-12-21,33.0455436706543
2006-12-22,32.94548034667969
2006-12-26,33.05270004272461
2006-12-27,33.46907424926758
2006-12-28,33.41164779663086
2006-12-29,33.160377502441406
2007-01-03,32.94499969482422
2007-01-04,33.14601516723633
2007-01-05,33.02397918701172
2007-01-08,33.14601516723633
2007-01-09,33.39727783203125
2007-01-10,33.59830093383789
2007-01-11,34.086483001708984
2007-01-12,34.13674545288086
2007-01-16,34.28031539916992
2007-01-17,34.15827178955078
2007-01-18,34.036224365234375
2007-01-19,34.086483001708984
2007-01-22,33.77778625488281
2007-01-23,34.07930374145508
2007-01-24,34.05059051513672
2007-01-25,33.7993278503418
2007-01-26,33.705989837646484
2007-01-29,33.67726516723633
2007-01-30,36.00331115722656
2007-01-31,36.606346130371094
2007-02-01,37.18785095214844
2007-02-02,36.95814514160156
2007-02-05,37.13045120239258
2007-02-06,37.25967788696289
2007-02-07,37.33144760131836
2007-02-08,37.151973724365234
2007-02-09,36.8504524230957
2007-02-12,37.08735275268555
2007-02-13,37.29555892944336
2007-02-14,37.884246826171875
2007-02-15,38.10678482055664
2007-02-16,37.72629928588867
2007-02-20,38.28627395629883
2007-02-21,38.35804748535156
2007-02-22,37.9488410949707
2007-02-23,37.884246826171875
2007-02-26,37.7621955871582
2007-02-27,36.893516540527344
2007-02-28,37.0729866027832
2007-03-01,36.9940185546875
2007-03-02,36.541751861572266
2007-03-05,36.04637908935547
2007-03-06,36.276123046875
2007-03-07,36.45559310913086
2007-03-08,36.71403503417969
2007-03-09,36.52738952636719
2007-03-12,36.59918212890625
2007-03-13,35.63717269897461
2007-03-14,35.536678314208984
2007-03-15,35.84537124633789
2007-03-16,36.189971923828125
2007-03-19,36.807369232177734
2007-03-20,36.75711441040039
2007-03-21,37.7621955871582
2007-03-22,37.805267333984375
2007-03-23,37.95603942871094
2007-03-26,37.65450668334961
2007-03-27,37.36015319824219
2007-03-28,37.01416778564453
2007-03-29,37.16553497314453
2007-03-30,37.19438171386719
2007-04-02,37.3097038269043
2007-04-03,37.626869201660156
2007-04-04,37.79265594482422
2007-04-05,37.71336364746094
2007-04-09,37.83590316772461
2007-04-10,38.05936813354492
2007-04-11,37.63408660888672
2007-04-12,37.36016082763672
2007-04-13,37.67732238769531
2007-04-16,38.22515869140625
2007-04-17,38.607181549072266
2007-04-18,37.3097038269043
2007-04-19,36.985347747802734
2007-04-20,37.252044677734375
2007-04-23,37.208797454833984
2007-04-24,37.03579330444336
2007-04-25,37.24483871459961
2007-04-26,37.09347152709961
2007-04-27,37.4538688659668
2007-04-30,36.985347747802734
2007-05-01,37.129493713378906
2007-05-02,37.785438537597656
2007-05-03,37.915199279785156
2007-05-04,38.19632339477539
2007-05-07,38.00170135498047
2007-05-08,37.915199279785156
2007-05-09,37.96566390991211
2007-05-10,37.41783142089844
2007-05-11,37.7205810546875
2007-05-14,37.7566032409668
2007-05-15,37.46829605102539
2007-05-16,37.44667053222656
2007-05-17,37.19438171386719
2007-05-18,37.071842193603516
2007-05-21,37.4538688659668
2007-05-22,38.72252655029297
2007-05-23,38.37652587890625
2007-05-24,37.81428527832031
2007-05-25,38.00170135498047
2007-05-29,38.023319244384766
2007-05-30,38.05936813354492
2007-05-31,38.00170135498047
2007-06-01,37.900779724121094
2007-06-04,37.69894790649414
2007-06-05,37.23041915893555
2007-06-06,37.273658752441406
2007-06-07,36.94209289550781
2007-06-08,37.49712371826172
2007-06-11,37.87194061279297
2007-06-12,38.09541702270508
2007-06-13,39.897457122802734
2007-06-14,40.0560302734375
2007-06-15,39.90467071533203
2007-06-18,39.875831604003906
2007-06-19,39.947914123535156
2007-06-20,39.95510482788086
2007-06-21,40.25785827636719
2007-06-22,39.731666564941406
2007-06-25,39.55866622924805
2007-06-26,39.032466888427734
2007-06-27,39.69097900390625
2007-06-28,39.401512145996094
2007-06-29,39.213375091552734
2007-07-02,40.24092102050781
2007-07-03,40.3277587890625
2007-07-05,40.19028854370117
2007-07-06,40.38565444946289
2007-07-09,41.02968215942383
2007-07-10,40.016605377197266
2007-07-11,40.718509674072266
2007-07-12,41.57963562011719
2007-07-13,41.9052734375
2007-07-16,41.97762680053711
2007-07-17,42.08618927001953
2007-07-18,41.898033142089844
2007-07-19,41.81843948364258
2007-07-20,41.3118896484375
2007-07-23,41.297420501708984
2007-07-24,41.0513916015625
2007-07-25,40.646156311035156
2007-07-26,40.17580032348633
2007-07-27,39.53901672363281
2007-07-30,40.009368896484375
2007-07-31,39.835697174072266
2007-08-01,40.53761672973633
2007-08-02,40.58102035522461
2007-08-03,39.625858306884766
2007-08-06,39.958702087402344
2007-08-07,39.712684631347656
2007-08-08,40.14685821533203
2007-08-09,39.264041900634766
2007-08-10,39.531768798828125
2007-08-13,39.169960021972656
2007-08-14,38.8732795715332
2007-08-15,37.54904556274414
2007-08-16,38.06280517578125
2007-08-17,38.25819778442383
2007-08-20,39.510066986083984
2007-08-21,39.71991729736328
2007-08-22,41.56516647338867
2007-08-23,40.88496398925781
2007-08-24,41.2322883605957
2007-08-27,42.064476013183594
2007-08-28,40.56657028198242
2007-08-29,41.724369049072266
2007-08-30,41.76054763793945
2007-08-31,42.09341049194336
2007-09-04,42.23091506958008
2007-09-05,41.78948974609375
2007-09-06,41.652015686035156
2007-09-07,41.102046966552734
2007-09-10,40.73299789428711
2007-09-11,40.89942169189453
2007-09-12,40.40735626220703
2007-09-13,40.44354248046875
2007-09-14,41.12374496459961
2007-09-17,41.369789123535156
2007-09-18,41.832916259765625
2007-09-19,41.97039031982422
2007-09-20,41.78948974609375
2007-09-21,41.86185836791992
2007-09-24,41.782264709472656
2007-09-25,41.88356018066406
2007-09-26,42.66161346435547
2007-09-27,43.32331085205078
2007-09-28,43.366939544677734
2007-10-01,42.51618194580078
2007-10-02,42.378028869628906
2007-10-03,42.34893035888672
2007-10-04,42.5088996887207
2007-10-05,43.41057205200195
2007-10-08,43.316043853759766
2007-10-09,43.43965530395508
2007-10-10,43.061546325683594
2007-10-11,43.374210357666016
2007-10-12,43.62871170043945
2007-10-15,43.27967834472656
2007-10-16,42.617977142333984
2007-10-17,41.92719268798828
2007-10-18,41.709041595458984
2007-10-19,40.92372512817383
2007-10-22,41.08370590209961
2007-10-23,41.16368103027344
2007-10-24,41.149139404296875
2007-10-25,41.229129791259766
2007-10-26,41.432735443115234
2007-10-29,41.49090576171875
2007-10-30,41.112770080566406
2007-10-31,41.63632583618164
2007-11-01,41.156410217285156
2007-11-02,41.250938415527344
2007-11-05,41.098236083984375
2007-11-06,41.55635452270508
2007-11-07,40.821937561035156
2007-11-08,40.8946418762207
2007-11-09,40.1893196105957
2007-11-12,39.86936950683594
2007-11-13,40.50198745727539
2007-11-14,40.27656936645508
2007-11-15,39.7821044921875
2007-11-16,39.59304428100586
2007-11-19,39.251285552978516
2007-11-20,39.23675537109375
2007-11-21,39.2440185546875
2007-11-23,39.716670989990234
2007-11-26,39.251285552978516
2007-11-27,40.38565444946289
2007-11-28,41.21458435058594
2007-11-29,40.67649459838867
2007-11-30,40.3565559387207
2007-12-03,39.60759735107422
2007-12-04,39.62940979003906
2007-12-05,40.44380187988281
2007-12-06,41.3963623046875
2007-12-07,41.309112548828125
2007-12-10,41.890830993652344
2007-12-11,40.69831085205078
2007-12-12,40.64741897583008
2007-12-13,41.14186477661133
2007-12-14,40.64741897583008
2007-12-17,38.16786193847656
2007-12-18,37.76063919067383
2007-12-19,38.12421417236328
2007-12-20,38.2841911315918
2007-12-21,39.45489501953125
2007-12-24,40.058441162109375
2007-12-26,40.02207946777344
2007-12-27,39.473915100097656
2007-12-28,39.495872497558594
2007-12-31,39.13041687011719
2008-01-02,38.12914276123047
2008-01-03,37.778316497802734
2008-01-04,36.90858840942383
2008-01-07,36.287357330322266
2008-01-08,34.694087982177734
2008-01-09,34.745235443115234
2008-01-10,35.84153366088867
2008-01-11,35.02297592163086
2008-01-14,35.48340606689453
2008-01-15,34.82563400268555
2008-01-16,34.86948013305664
2008-01-17,34.12398910522461
2008-01-18,34.460205078125
2008-01-22,35.249534606933594
2008-01-23,36.32390594482422
2008-01-24,36.7551155090332
2008-01-25,36.52853775024414
2008-01-28,36.60893630981445
2008-01-29,37.01091384887695
2008-01-30,36.16310501098633
2008-01-31,36.850120544433594
2008-02-01,37.2009391784668
2008-02-04,37.25940704345703
2008-02-05,36.24351119995117
2008-02-06,36.08272171020508
2008-02-07,35.739219665527344
2008-02-08,35.454166412353516
2008-02-11,35.512638092041016
2008-02-12,35.819602966308594
2008-02-13,36.55046463012695
2008-02-14,35.746524810791016
2008-02-15,35.709983825683594
2008-02-19,35.607643127441406
2008-02-20,36.00231170654297
2008-02-21,35.315303802490234
2008-02-22,35.373779296875
2008-02-25,35.804988861083984
2008-02-26,36.00231170654297
2008-02-27,36.18503952026367
2008-02-28,36.506622314453125
2008-02-29,35.863460540771484
2008-03-03,35.84153366088867
2008-03-04,35.439552307128906
2008-03-05,35.271453857421875
2008-03-06,34.93526077270508
2008-03-07,34.44558334350586
2008-03-10,33.817039489746094
2008-03-11,34.94987487792969
2008-03-12,34.759864807128906
2008-03-13,34.90601348876953
2008-03-14,34.167850494384766
2008-03-17,34.8037109375
2008-03-18,35.848846435546875
2008-03-19,34.97911071777344
2008-03-20,35.315303802490234
2008-03-24,36.119258880615234
2008-03-25,36.477386474609375
2008-03-26,35.85615539550781
2008-03-27,35.5253791809082
2008-03-28,35.20193862915039
2008-03-31,35.451873779296875
2008-04-01,37.09103775024414
2008-04-02,37.002838134765625
2008-04-03,36.767616271972656
2008-04-04,37.35567092895508
2008-04-07,37.377723693847656
2008-04-08,36.63530731201172
2008-04-09,36.37804412841797
2008-04-10,37.37036895751953
2008-04-11,36.56916427612305
2008-04-14,36.80437088012695
2008-04-15,37.15719985961914
2008-04-16,38.61261749267578
2008-04-17,37.51737976074219
2008-04-18,38.472957611083984
2008-04-21,38.67877197265625
2008-04-22,38.37739562988281
2008-04-23,37.884918212890625
2008-04-24,38.15688705444336
2008-04-25,38.37005615234375
2008-04-28,38.5244140625
2008-04-29,38.67877197265625
2008-04-30,38.43621826171875
2008-05-01,39.32562255859375
2008-05-02,39.04629898071289
2008-05-05,38.855194091796875
2008-05-06,39.38442611694336
2008-05-07,38.91398620605469
2008-05-08,38.877235412597656
2008-05-09,39.03160095214844
2008-05-12,39.5093994140625
2008-05-13,40.200347900390625
2008-05-14,40.597286224365234
2008-05-15,40.42087173461914
2008-05-16,40.16359329223633
2008-05-19,40.34735870361328
2008-05-20,39.8842658996582
2008-05-21,39.01689529418945
2008-05-22,39.15656280517578
2008-05-23,38.561161041259766
2008-05-27,38.44356155395508
2008-05-28,38.70817947387695
2008-05-29,38.67877197265625
2008-05-30,39.4726448059082
2008-06-02,38.35535430908203
2008-06-03,37.884918212890625
2008-06-04,37.75994110107422
2008-06-05,37.85551834106445
2008-06-06,36.87053680419922
2008-06-09,37.09103775024414
2008-06-10,36.89993667602539
2008-06-11,35.826751708984375
2008-06-12,36.414798736572266
2008-06-13,36.53974533081055
2008-06-16,36.3853874206543
2008-06-17,36.3486442565918
2008-06-18,36.03990936279297
2008-06-19,36.37069320678711
2008-06-20,35.731201171875
2008-06-23,35.51803207397461
2008-06-24,35.12108612060547
2008-06-25,35.760589599609375
2008-06-26,34.599876403808594
2008-06-27,34.27457809448242
2008-06-30,35.124794006347656
2008-07-01,35.06563186645508
2008-07-02,34.126705169677734
2008-07-03,34.895591735839844
2008-07-07,34.55551528930664
2008-07-08,35.23568344116211
2008-07-09,34.11931610107422
2008-07-10,34.259788513183594
2008-07-11,33.712684631347656
2008-07-14,33.93449401855469
2008-07-15,33.27650451660156
2008-07-16,34.415042877197266
2008-07-17,34.74773025512695
2008-07-18,34.54811477661133
2008-07-21,34.62943649291992
2008-07-22,35.272647857666016
2008-07-23,35.36137008666992
2008-07-24,34.04537582397461
2008-07-25,34.34850311279297
2008-07-28,33.99363708496094
2008-07-29,34.66640090942383
2008-07-30,35.331787109375
2008-07-31,34.63682556152344
2008-08-01,34.61466979980469
2008-08-04,34.54811477661133
2008-08-05,35.33918762207031
2008-08-06,35.95280838012695
2008-08-07,35.57575988769531
2008-08-08,36.96567153930664
2008-08-11,36.95827102661133
2008-08-12,36.94350051879883
2008-08-13,36.19679260253906
2008-08-14,36.462947845458984
2008-08-15,36.566444396972656
2008-08-18,36.1819953918457
2008-08-19,35.39093780517578
2008-08-20,35.383541107177734
2008-08-21,35.701446533203125
2008-08-22,36.18939208984375
2008-08-25,35.5535888671875
2008-08-26,35.694061279296875
2008-08-27,35.99717330932617
2008-08-28,36.82520294189453
2008-08-29,36.6773681640625
2008-09-02,36.618202209472656
2008-09-03,36.573829650878906
2008-09-04,35.42789840698242
2008-09-05,35.42051696777344
2008-09-08,36.44076156616211
2008-09-09,35.4870491027832
2008-09-10,35.62751388549805
2008-09-11,35.47965621948242
2008-09-12,35.24306106567383
2008-09-15,34.37807083129883
2008-09-16,34.74773025512695
2008-09-17,33.28388595581055
2008-09-18,34.54072189331055
2008-09-19,36.06371307373047
2008-09-22,34.79949951171875
2008-09-23,33.978843688964844
2008-09-24,33.57961654663086
2008-09-25,33.328250885009766
2008-09-26,33.32825469970703
2008-09-29,31.861726760864258
2008-09-30,33.09003448486328
2008-10-01,31.72028350830078
2008-10-02,31.147069931030273
2008-10-03,30.052730560302734
2008-10-06,29.107318878173828
2008-10-07,26.91124725341797
2008-10-08,26.352916717529297
2008-10-09,26.055145263671875
2008-10-10,24.707721710205078
2008-10-13,27.931119918823242
2008-10-14,27.745014190673828
2008-10-15,25.072492599487305
2008-10-16,26.308244705200195
2008-10-17,25.295822143554688
2008-10-20,25.668041229248047
2008-10-21,25.97324562072754
2008-10-22,24.007957458496094
2008-10-23,23.799510955810547
2008-10-24,22.705198287963867
2008-10-27,21.402435302734375
2008-10-28,23.88884162902832
2008-10-29,23.94095802307129
2008-10-30,24.67049789428711
2008-10-31,24.856609344482422
2008-11-03,24.923606872558594
2008-11-04,25.831809997558594
2008-11-05,24.908720016479492
2008-11-06,23.717628479003906
2008-11-07,24.499277114868164
2008-11-10,24.648176193237305
2008-11-11,24.015398025512695
2008-11-12,23.07741355895996
2008-11-13,25.161819458007812
2008-11-14,23.702730178833008
2008-11-17,23.963289260864258
2008-11-18,24.439729690551758
2008-11-19,23.08485984802246
2008-11-20,21.618330001831055
2008-11-21,22.697757720947266
2008-11-24,24.0600643157959
2008-11-25,23.85906982421875
2008-11-26,24.916160583496094
2008-11-28,25.40004539489746
2008-12-01,22.988079071044922
2008-12-02,24.261058807373047
2008-12-03,24.134506225585938
2008-12-04,23.650630950927734
2008-12-05,24.112173080444336
2008-12-08,24.44717025756836
2008-12-09,24.00051498413086
2008-12-10,24.18662452697754
2008-12-11,23.166746139526367
2008-12-12,23.300739288330078
2008-12-15,23.263521194458008
2008-12-16,24.566280364990234
2008-12-17,24.596065521240234
2008-12-18,24.31317710876465
2008-12-19,24.86405372619629
2008-12-22,24.737499237060547
2008-12-23,24.320615768432617
2008-12-24,24.841718673706055
2008-12-26,25.385154724121094
2008-12-29,25.22739028930664
2008-12-30,26.30169677734375
2008-12-31,26.331745147705078
2009-01-02,27.548791885375977
2009-01-05,27.2482852935791
2009-01-06,27.75163459777832
2009-01-07,26.925249099731445
2009-01-08,27.796709060668945
2009-01-09,27.255800247192383
2009-01-12,26.737430572509766
2009-01-13,26.42940902709961
2009-01-14,25.911039352416992
2009-01-15,26.369308471679688
2009-01-16,26.016220092773438
2009-01-20,25.114696502685547
2009-01-21,25.86595916748047
2009-01-22,25.264951705932617
2009-01-23,24.821712493896484
2009-01-26,24.926881790161133
2009-01-27,25.941085815429688
2009-01-28,26.21905517578125
2009-01-29,25.39266014099121
2009-01-30,24.536235809326172
2009-02-02,24.393489837646484
2009-02-03,25.542917251586914
2009-02-04,25.948596954345703
2009-02-05,26.74493980407715
2009-02-06,26.910219192504883
2009-02-09,27.02290153503418
2009-02-10,25.65561294555664
2009-02-11,26.33925437927246
2009-02-12,26.121387481689453
2009-02-13,26.384334564208984
2009-02-17,24.761608123779297
2009-02-18,24.62638282775879
2009-02-19,23.537052154541016
2009-02-20,23.071271896362305
2009-02-23,22.079599380493164
2009-02-24,22.53786849975586
2009-02-25,22.01198959350586
2009-02-26,21.395954132080078
2009-02-27,20.885087966918945
2009-03-02,19.773229598999023
2009-03-03,20.69727325439453
2009-03-04,21.358388900756836
2009-03-05,19.67555809020996
2009-03-06,20.133831024169922
2009-03-09,19.765708923339844
2009-03-10,20.885087966918945
2009-03-11,21.110471725463867
2009-03-12,21.328340530395508
2009-03-13,20.92266273498535
2009-03-16,20.239009857177734
2009-03-17,20.524492263793945
2009-03-18,20.92266273498535
2009-03-19,21.598791122436523
2009-03-20,20.840017318725586
2009-03-23,22.33502960205078
2009-03-24,22.80080795288086
2009-03-25,23.176443099975586
2009-03-26,24.340906143188477
2009-03-27,24.181612014770508
2009-03-30,23.02866554260254
2009-03-31,23.40033721923828
2009-04-01,23.597557067871094
2009-04-02,24.704988479614258
2009-04-03,24.606386184692383
2009-04-06,24.386411666870117
2009-04-07,23.294147491455078
2009-04-08,23.210712432861328
2009-04-09,24.682233810424805
2009-04-13,24.45467758178711
2009-04-14,23.90096092224121
2009-04-15,23.635478973388672
2009-04-16,25.14493179321289
2009-04-17,24.439504623413086
2009-04-20,23.703737258911133
2009-04-21,24.09058952331543
2009-04-22,25.031150817871094
2009-04-23,25.228364944458008
2009-04-24,25.69106674194336
2009-04-27,25.167686462402344
2009-04-28,24.659475326538086
2009-04-29,25.33456039428711
2009-04-30,24.87944793701172
2009-05-01,25.258718490600586
2009-05-04,26.017230987548828
2009-05-05,25.85036277770996
2009-05-06,26.259965896606445
2009-05-07,25.48625946044922
2009-05-08,26.290294647216797
2009-05-11,26.03998565673828
2009-05-12,26.206865310668945
2009-05-13,25.835180282592773
2009-05-14,25.75174903869629
2009-05-15,25.038742065429688
2009-05-18,25.54694175720215
2009-05-19,25.433170318603516
2009-05-20,25.577285766601562
2009-05-21,24.871868133544922
2009-05-22,24.682233810424805
2009-05-26,25.569704055786133
2009-05-27,24.583627700805664
2009-05-28,24.378826141357422
2009-05-29,24.49260139465332
2009-06-01,27.19293785095215
2009-06-02,27.268781661987305
2009-06-03,27.29912567138672
2009-06-04,27.7694149017334
2009-06-05,28.087993621826172
2009-06-08,28.042482376098633
2009-06-09,28.26243782043457
2009-06-10,28.505176544189453
2009-06-11,28.725141525268555
2009-06-12,28.88442611694336
2009-06-15,27.959033966064453
2009-06-16,27.76182746887207
2009-06-17,27.890764236450195
2009-06-18,27.443256378173828
2009-06-19,26.904699325561523
2009-06-22,26.138595581054688
2009-06-23,26.510265350341797
2009-06-24,26.77574920654297
2009-06-25,27.91353416442871
2009-06-26,28.64788818359375
2009-06-29,29.007421493530273
2009-06-30,28.563743591308594
2009-07-01,28.686140060424805
2009-07-02,27.70699119567871
2009-07-06,27.316858291625977
2009-07-07,26.697237014770508
2009-07-08,26.666637420654297
2009-07-09,26.85787582397461
2009-07-10,27.362751007080078
2009-07-13,28.089473724365234
2009-07-14,28.44900894165039
2009-07-15,29.252220153808594
2009-07-16,29.48170280456543
2009-07-17,29.64234733581543
2009-07-20,30.552656173706055
2009-07-21,30.399658203125
2009-07-22,30.728595733642578
2009-07-23,31.23346519470215
2009-07-24,31.317611694335938
2009-07-27,31.088125228881836
2009-07-28,30.78978729248047
2009-07-29,30.552656173706055
2009-07-30,30.889240264892578
2009-07-31,31.019287109375
2009-08-03,31.12637710571289
2009-08-04,31.40176010131836
2009-08-05,30.896886825561523
2009-08-06,30.91218376159668
2009-08-07,31.332904815673828
2009-08-10,30.644453048706055
2009-08-11,30.567949295043945
2009-08-12,31.271730422973633
2009-08-13,32.12847137451172
2009-08-14,31.585355758666992
2009-08-17,30.73624038696289
2009-08-18,31.49355125427246
2009-08-19,31.4094181060791
2009-08-20,31.868385314941406
2009-08-21,32.35032653808594
2009-08-24,32.151424407958984
2009-08-25,32.93169021606445
2009-08-26,32.3426628112793
2009-08-27,32.663944244384766
2009-08-28,32.33501052856445
2009-08-31,31.990785598754883
2009-09-01,31.55475616455078
2009-09-02,31.30997085571289
2009-09-03,31.40176010131836
2009-09-04,31.952547073364258
2009-09-08,32.013729095458984
2009-09-09,33.6048583984375
2009-09-10,33.54365539550781
2009-09-11,33.6737060546875
2009-09-14,33.8114013671875
2009-09-15,33.5589599609375
2009-09-16,33.589561462402344
2009-09-17,34.00263977050781
2009-09-18,33.94144058227539
2009-09-21,33.54365539550781
2009-09-22,33.64310073852539
2009-09-23,32.90108871459961
2009-09-24,32.42679977416992
2009-09-25,32.35797119140625
2009-09-28,33.22105026245117
2009-09-29,33.20564270019531
2009-09-30,32.91281509399414
2009-10-01,32.00349426269531
2009-10-02,32.126792907714844
2009-10-05,32.673919677734375
2009-10-06,33.37516403198242
2009-10-07,34.03789138793945
2009-10-08,34.63898468017578
2009-10-09,34.692928314208984
2009-10-12,34.83933639526367
2009-10-13,34.28450393676758
2009-10-14,34.893280029296875
2009-10-15,34.954925537109375
2009-10-16,34.931800842285156
2009-10-19,35.61764907836914
2009-10-20,37.39006423950195
2009-10-21,36.966224670410156
2009-10-22,37.567298889160156
2009-10-23,36.81979751586914
2009-10-26,36.303497314453125
2009-10-27,36.26497268676758
2009-10-28,35.54057693481445
2009-10-29,36.17250061035156
2009-10-30,35.38646697998047
2009-11-02,35.6947135925293
2009-11-03,36.226444244384766
2009-11-04,35.83342361450195
2009-11-05,37.197410583496094
2009-11-06,37.289886474609375
2009-11-09,38.314796447753906
2009-11-10,38.0913200378418
2009-11-11,37.88325500488281
2009-11-12,37.24364471435547
2009-11-13,37.74454879760742
2009-11-16,39.316585540771484
2009-11-17,38.99293518066406
2009-11-18,38.99293518066406
2009-11-19,38.314796447753906
2009-11-20,38.1529655456543
2009-11-23,38.36103820800781
2009-11-24,38.060482025146484
2009-11-25,38.037376403808594
2009-11-27,37.497955322265625
2009-11-30,37.48252487182617
2009-12-01,37.551902770996094
2009-12-02,37.590423583984375
2009-12-03,37.22052764892578
2009-12-04,37.366943359375
2009-12-07,37.41318893432617
2009-12-08,36.66568374633789
2009-12-09,36.88145446777344
2009-12-10,36.80439376831055
2009-12-11,36.98163604736328
2009-12-14,37.97572708129883
2009-12-15,37.6751823425293
2009-12-16,37.336116790771484
2009-12-17,36.68881607055664
2009-12-18,36.657981872558594
2009-12-21,36.67338562011719
2009-12-22,36.7042236328125
2009-12-23,36.68881607055664
2009-12-24,36.958518981933594
2009-12-28,37.15888214111328
2009-12-29,37.600955963134766
2009-12-30,37.717308044433594
2009-12-31,37.22092056274414
2010-01-04,37.6707649230957
2010-01-05,37.56993865966797
2010-01-06,37.484622955322266
2010-01-07,37.725059509277344
2010-01-08,38.08183288574219
2010-01-11,38.7410888671875
2010-01-12,37.763851165771484
2010-01-13,37.74058532714844
2010-01-14,37.62424087524414
2010-01-15,37.13560485839844
2010-01-19,37.74058532714844
2010-01-20,37.422584533691406
2010-01-21,35.59992599487305
2010-01-22,35.17334747314453
2010-01-25,35.23540115356445
2010-01-26,35.049251556396484
2010-01-27,34.118534088134766
2010-01-28,34.071998596191406
2010-01-29,33.80829620361328
2010-02-01,33.89362335205078
2010-02-02,34.14179229736328
2010-02-03,33.92463302612305
2010-02-04,32.98616027832031
2010-02-05,33.086978912353516
2010-02-08,32.76899337768555
2010-02-09,33.57561492919922
2010-02-10,33.34294891357422
2010-02-11,34.048728942871094
2010-02-12,33.847084045410156
2010-02-16,34.66145324707031
2010-02-17,35.25090789794922
2010-02-18,36.11957550048828
2010-02-19,36.26693344116211
2010-02-22,36.034271240234375
2010-02-23,35.375003814697266
2010-02-24,35.23540115356445
2010-02-25,35.07252502441406
2010-02-26,35.30519485473633
2010-03-01,35.74729537963867
2010-03-02,35.708499908447266
2010-03-03,35.83259582519531
2010-03-04,36.049766540527344
2010-03-05,36.66249465942383
2010-03-08,36.18937683105469
2010-03-09,36.17386245727539
2010-03-10,36.251426696777344
2010-03-11,36.18937683105469
2010-03-12,36.18162536621094
2010-03-15,35.266414642333984
2010-03-16,35.522369384765625
2010-03-17,35.89466094970703
2010-03-18,36.600440979003906
2010-03-19,36.274696350097656
2010-03-22,36.406532287597656
2010-03-23,36.87190628051758
2010-03-24,36.37552261352539
2010-03-25,36.29020309448242
2010-03-26,36.631465911865234
2010-03-29,36.85787582397461
2010-03-30,37.02963638305664
2010-03-31,36.9749870300293
2010-04-01,37.224822998046875
2010-04-05,37.38095474243164
2010-04-06,37.24044418334961
2010-04-07,36.88130187988281
2010-04-08,36.85787582397461
2010-04-09,37.263858795166016
2010-04-12,37.44342803955078
2010-04-13,37.396575927734375
2010-04-14,37.75571060180664
2010-04-15,38.68477249145508
2010-04-16,38.26317596435547
2010-04-19,38.10703659057617
2010-04-20,39.59040832519531
2010-04-21,39.8558464050293
2010-04-22,40.87077713012695
2010-04-23,40.93324661254883
2010-04-26,40.98789596557617
2010-04-27,39.80119705200195
2010-04-28,39.988582611083984
2010-04-29,40.816131591796875
2010-04-30,39.89488983154297
2010-05-03,40.5975456237793
2010-05-04,39.32497024536133
2010-05-05,38.856529235839844
2010-05-06,37.66202163696289
2010-05-07,37.24823760986328
2010-05-10,39.223472595214844
2010-05-11,39.12979507446289
2010-05-12,40.19936752319336
2010-05-13,39.41865539550781
2010-05-14,38.536434173583984
2010-05-17,38.817501068115234
2010-05-18,38.099220275878906
2010-05-19,37.08428192138672
2010-05-20,35.22616195678711
2010-05-21,35.5540657043457
2010-05-24,35.335472106933594
2010-05-25,35.21836853027344
2010-05-26,35.25739288330078
2010-05-27,36.639278411865234
2010-05-28,36.248924255371094
2010-06-01,35.25739288330078
2010-06-02,36.248924255371094
2010-06-03,36.50654983520508
2010-06-04,34.53913497924805
2010-06-07,33.78963851928711
2010-06-08,33.883323669433594
2010-06-09,34.101932525634766
2010-06-10,35.132484436035156
2010-06-11,35.5618782043457
2010-06-14,35.63996124267578
2010-06-15,36.52216720581055
2010-06-16,36.248924255371094
2010-06-17,35.92101287841797
2010-06-18,35.335472106933594
2010-06-21,36.02250671386719
2010-06-22,34.78116989135742
2010-06-23,34.42203903198242
2010-06-24,33.85210418701172
2010-06-25,34.476680755615234
2010-06-28,33.957763671875
2010-06-29,32.52679443359375
2010-06-30,32.45604705810547
2010-07-01,32.684043884277344
2010-07-02,32.338104248046875
2010-07-06,32.4009895324707
2010-07-07,33.40740203857422
2010-07-08,33.839813232421875
2010-07-09,34.06782913208008
2010-07-12,33.69830322265625
2010-07-13,34.73613357543945
2010-07-14,34.712554931640625
2010-07-15,34.57102584838867
2010-07-16,33.57250213623047
2010-07-19,33.6904411315918
2010-07-20,33.611820220947266
2010-07-21,33.069297790527344
2010-07-22,33.1715087890625
2010-07-23,34.05210876464844
2010-07-26,34.21721649169922
2010-07-27,34.26438522338867
2010-07-28,34.075706481933594
2010-07-29,34.06782913208008
2010-07-30,34.20149612426758
2010-08-02,35.20002746582031
2010-08-03,35.349403381347656
2010-08-04,35.8054313659668
2010-08-05,35.8840446472168
2010-08-06,35.8604736328125
2010-08-09,35.93122100830078
2010-08-10,35.553829193115234
2010-08-11,34.28011703491211
2010-08-12,33.957763671875
2010-08-13,33.824100494384766
2010-08-16,33.51746368408203
2010-08-17,34.25653839111328
2010-08-18,33.50959396362305
2010-08-19,33.053585052490234
2010-08-20,33.10074996948242
2010-08-23,32.89632797241211
2010-08-24,32.40885925292969
2010-08-25,32.3459587097168
2010-08-26,32.0550422668457
2010-08-27,32.90419006347656
2010-08-30,32.36955642700195
2010-08-31,32.440311431884766
2010-09-01,33.63539505004883
2010-09-02,34.79902267456055
2010-09-03,35.380859375
2010-09-07,35.380859375
2010-09-08,35.60100173950195
2010-09-09,35.50666046142578
2010-09-10,35.95480728149414
2010-09-13,36.6309814453125
2010-09-14,36.77249526977539
2010-09-15,37.00838088989258
2010-09-16,36.858985900878906
2010-09-17,36.35579299926758
2010-09-20,37.02410888671875
2010-09-21,37.14989471435547
2010-09-22,36.58380126953125
2010-09-23,35.84474563598633
2010-09-24,37.01624298095703
2010-09-27,36.906150817871094
2010-09-28,37.286319732666016
2010-09-29,37.072479248046875
2010-09-30,37.23879623413086
2010-10-01,37.428863525390625
2010-10-04,37.064552307128906
2010-10-05,38.0941276550293
2010-10-06,38.25252151489258
2010-10-07,38.244606018066406
2010-10-08,38.3554801940918
2010-10-11,38.244606018066406
2010-10-12,38.22876739501953
2010-10-13,38.61682891845703
2010-10-14,38.79900360107422
2010-10-15,38.77521514892578
2010-10-18,38.9494743347168
2010-10-19,36.81112289428711
2010-10-20,36.874488830566406
2010-10-21,37.254638671875
2010-10-22,36.97743606567383
2010-10-25,37.17543411254883
2010-10-26,36.54977035522461
2010-10-27,36.628971099853516
2010-10-28,36.367618560791016
2010-10-29,36.17755126953125
2010-11-01,36.613121032714844
2010-11-02,36.81904983520508
2010-11-03,36.67648696899414
2010-11-04,37.92781448364258
2010-11-05,38.30004119873047
2010-11-08,38.49011993408203
2010-11-09,38.11788558959961
2010-11-10,38.086212158203125
2010-11-11,37.959495544433594
2010-11-12,37.555572509765625
2010-11-15,38.01494216918945
2010-11-16,37.230873107910156
2010-11-17,37.119998931884766
2010-11-18,37.420955657958984
2010-11-19,37.45261764526367
2010-11-22,37.61894607543945
2010-11-23,36.91409683227539
2010-11-24,37.69813537597656
2010-11-26,37.32592010498047
2010-11-29,37.53973388671875
2010-11-30,37.721900939941406
2010-12-01,38.30004119873047
2010-12-02,38.49802780151367
2010-12-03,39.92359924316406
2010-12-06,39.78104019165039
2010-12-07,40.06614685058594
2010-12-08,40.042396545410156
2010-12-09,39.97904586791992
2010-12-10,40.438377380371094
2010-12-13,40.54133605957031
2010-12-14,40.7155647277832
2010-12-15,40.31166076660156
2010-12-16,40.90565872192383
2010-12-17,41.159095764160156
2010-12-20,41.74515151977539
2010-12-21,42.03026580810547
2010-12-22,42.46583938598633
2010-12-23,42.33913040161133
2010-12-27,42.4024772644043
2010-12-28,42.5529670715332
2010-12-29,42.69641876220703
2010-12-30,42.720340728759766
2010-12-31,42.56093215942383
2011-01-03,43.3499870300293
2011-01-04,43.08695983886719
2011-01-05,43.30216598510742
2011-01-06,43.23838806152344
2011-01-07,43.03913879394531
2011-01-10,43.334041595458984
2011-01-11,43.4057731628418
2011-01-12,44.186851501464844
2011-01-13,44.4419059753418
2011-01-14,44.601318359375
2011-01-18,44.752742767333984
2011-01-19,43.84413528442383
2011-01-20,43.222469329833984
2011-01-21,43.60503005981445
2011-01-24,44.23467254638672
2011-01-25,43.76443862915039
2011-01-26,44.17888259887695
2011-01-27,44.06731414794922
2011-01-28,43.60503005981445
2011-01-31,42.63266372680664
2011-02-01,42.68046951293945
2011-02-02,42.66455078125
2011-02-03,42.51311111450195
2011-02-04,43.23838806152344
2011-02-07,44.01948547363281
2011-02-08,44.051368713378906
2011-02-09,43.796321868896484
2011-02-10,44.40204620361328
2011-02-11,44.48175048828125
2011-02-14,44.4100227355957
2011-02-15,43.3739013671875
2011-02-16,43.684722900390625
2011-02-17,43.788333892822266
2011-02-18,43.756465911865234
2011-02-22,42.51311111450195
2011-02-23,42.25807571411133
2011-02-24,42.417476654052734
2011-02-25,42.68845748901367
2011-02-28,43.11883544921875
2011-03-01,42.616729736328125
2011-03-02,43.05508804321289
2011-03-03,43.8680534362793
2011-03-04,43.748497009277344
2011-03-07,43.65285873413086
2011-03-08,44.40204620361328
2011-03-09,44.513641357421875
2011-03-10,43.34202194213867
2011-03-11,43.52534103393555
2011-03-14,43.32607650756836
2011-03-15,43.015228271484375
2011-03-16,42.28994369506836
2011-03-17,42.839881896972656
2011-03-18,43.03913879394531
2011-03-21,43.83616638183594
2011-03-22,43.6209716796875
2011-03-23,43.573143005371094
2011-03-24,43.83616638183594
2011-03-25,43.812255859375
2011-03-28,43.25434494018555
2011-03-29,43.63931655883789
2011-03-30,42.94955825805664
2011-03-31,43.085914611816406
2011-04-01,43.4307975769043
2011-04-04,43.912010192871094
2011-04-05,43.7035026550293
2011-04-06,43.671409606933594
2011-04-07,43.575157165527344
2011-04-08,43.575157165527344
2011-04-11,43.56713104248047
2011-04-12,42.98966979980469
2011-04-13,42.7570686340332
2011-04-14,42.66082763671875
2011-04-15,42.7570686340332
2011-04-18,42.1876220703125
2011-04-19,42.42823791503906
2011-04-20,43.19819641113281
2011-04-21,43.36663818359375
2011-04-25,43.63931655883789
2011-04-26,46.3021240234375
2011-04-27,46.25400161743164
2011-04-28,46.79136276245117
2011-04-29,46.847511291503906
2011-05-02,46.54274368286133
2011-05-03,46.76731491088867
2011-05-04,46.3261833190918
2011-05-05,46.037445068359375
2011-05-06,46.63898468017578
2011-05-09,46.52668762207031
2011-05-10,46.751258850097656
2011-05-11,46.59085464477539
2011-05-12,46.78335952758789
2011-05-13,46.47856903076172
2011-05-16,46.04545211791992
2011-05-17,45.700584411621094
2011-05-18,46.31815719604492
2011-05-19,46.23795700073242
2011-05-20,45.7888069152832
2011-05-23,45.34768295288086
2011-05-24,45.323631286621094
2011-05-25,45.74870681762695
2011-05-26,45.70860290527344
2011-05-27,45.74870681762695
2011-05-31,45.97328567504883
2011-06-01,45.123104095458984
2011-06-02,45.30759048461914
2011-06-03,44.9787483215332
2011-06-06,44.7301139831543
2011-06-07,44.68197250366211
2011-06-08,44.224822998046875
2011-06-09,44.38522720336914
2011-06-10,43.82379150390625
2011-06-13,43.751609802246094
2011-06-14,44.55366516113281
2011-06-15,43.55109786987305
2011-06-16,43.82379150390625
2011-06-17,44.056392669677734
2011-06-20,43.80775451660156
2011-06-21,44.54563522338867
2011-06-22,44.46542739868164
2011-06-23,44.01628875732422
2011-06-24,43.591190338134766
2011-06-27,43.912010192871094
2011-06-28,44.3801155090332
2011-06-29,44.53346252441406
2011-06-30,45.590702056884766
2011-07-01,46.494606018066406
2011-07-05,46.52688980102539
2011-07-06,46.90620803833008
2011-07-07,47.63255310058594
2011-07-08,47.54377746582031
2011-07-11,46.922332763671875
2011-07-12,46.48653793334961
2011-07-13,46.58338165283203
2011-07-14,45.85702896118164
2011-07-15,46.07493209838867
2011-07-18,45.461585998535156
2011-07-19,45.69561004638672
2011-07-20,45.66333770751953
2011-07-21,45.970008850097656
2011-07-22,45.97809982299805
2011-07-25,46.01036834716797
2011-07-26,42.241416931152344
2011-07-27,40.93397521972656
2011-07-28,40.183406829833984
2011-07-29,40.19148635864258
2011-08-01,40.27220153808594
2011-08-02,39.01318359375
2011-08-03,39.440921783447266
2011-08-04,37.5281982421875
2011-08-05,37.3910026550293
2011-08-08,34.62278366088867
2011-08-09,35.81724166870117
2011-08-10,34.15468978881836
2011-08-11,36.1804084777832
2011-08-12,36.39024353027344
2011-08-15,36.5516471862793
2011-08-16,36.13199234008789
2011-08-17,35.550899505615234
2011-08-18,33.428340911865234
2011-08-19,33.379913330078125
2011-08-22,33.928714752197266
2011-08-23,35.373355865478516
2011-08-24,36.099700927734375
2011-08-25,35.16351318359375
2011-08-26,36.14811325073242
2011-08-29,37.48784255981445
2011-08-30,37.463623046875
2011-08-31,37.56046676635742
2011-09-01,36.48707580566406
2011-09-02,35.24420928955078
2011-09-06,35.02630615234375
2011-09-07,36.317596435546875
2011-09-08,35.631614685058594
2011-09-09,34.30802536010742
2011-09-12,34.18696975708008
2011-09-13,35.03438186645508
2011-09-14,36.15620040893555
2011-09-15,36.80183792114258
2011-09-16,36.632362365722656
2011-09-19,36.40638732910156
2011-09-20,36.317596435546875
2011-09-21,35.22806930541992
2011-09-22,33.960994720458984
2011-09-23,34.4290885925293
2011-09-26,35.57511520385742
2011-09-27,36.28532028198242
2011-09-28,34.95106506347656
2011-09-29,35.14631652832031
2011-09-30,33.844608306884766
2011-10-03,32.664920806884766
2011-10-04,34.04800033569336
2011-10-05,34.861572265625
2011-10-06,35.675132751464844
2011-10-07,35.10565185546875
2011-10-10,36.60261535644531
2011-10-11,36.39922332763672
2011-10-12,37.44059753417969
2011-10-13,37.17211151123047
2011-10-14,38.148406982421875
2011-10-17,36.96059036254883
2011-10-18,38.0914421081543
2011-10-19,37.59516525268555
2011-10-20,37.85551834106445
2011-10-21,38.53078842163086
2011-10-24,39.23858642578125
2011-10-25,37.13957214355469
2011-10-26,37.652122497558594
2011-10-27,40.0114860534668
2011-10-28,39.97080612182617
2011-10-31,39.56401443481445
2011-11-01,37.953155517578125
2011-11-02,38.937557220458984
2011-11-03,40.2880973815918
2011-11-04,40.05215835571289
2011-11-07,40.45081329345703
2011-11-08,39.84877014160156
2011-11-09,37.5382194519043
2011-11-10,37.57890319824219
2011-11-11,38.18095779418945
2011-11-14,37.70094299316406
2011-11-15,37.61958312988281
2011-11-16,36.968727111816406
2011-11-17,36.10633087158203
2011-11-18,36.56193923950195
2011-11-21,35.62633514404297
2011-11-22,35.83784866333008
2011-11-23,34.57680892944336
2011-11-25,34.64191818237305
2011-11-28,35.5531120300293
2011-11-29,35.30088806152344
2011-11-30,36.968727111816406
2011-12-01,36.708377838134766
2011-12-02,37.38364791870117
2011-12-05,38.26231002807617
2011-12-06,38.392486572265625
2011-12-07,38.652809143066406
2011-12-08,37.684669494628906
2011-12-09,38.34366989135742
2011-12-12,38.04262924194336
2011-12-13,37.774166107177734
2011-12-14,37.27787780761719
2011-12-15,37.22093200683594
2011-12-16,37.42433166503906
2011-12-19,37.11517333984375
2011-12-20,38.42501449584961
2011-12-21,37.99382781982422
2011-12-22,38.213497161865234
2011-12-23,38.82366943359375
2011-12-27,38.945701599121094
2011-12-28,38.04399108886719
2011-12-29,38.45386505126953
2011-12-30,38.2899169921875
2012-01-03,39.37197494506836
2012-01-04,39.576908111572266
2012-01-05,39.67526626586914
2012-01-06,39.175235748291016
2012-01-09,39.24900436401367
2012-01-10,39.9047966003418
2012-01-11,40.208106994628906
2012-01-12,40.576988220214844
2012-01-13,40.47040557861328
2012-01-17,41.77378463745117
2012-01-18,41.5606689453125
2012-01-19,41.98693084716797
2012-01-20,42.19186019897461
2012-01-23,42.2574462890625
2012-01-24,42.568939208984375
2012-01-25,43.29850387573242
2012-01-26,43.45427322387695
2012-01-27,43.25752258300781
2012-01-30,43.610008239746094
2012-01-31,43.47065734863281
2012-02-01,45.00355911254883
2012-02-02,45.06914138793945
2012-02-03,45.57737350463867
2012-02-06,45.560970306396484
2012-02-07,45.73313522338867
2012-02-08,45.9052619934082
2012-02-09,46.183982849121094
2012-02-10,45.66754150390625
2012-02-13,45.86428451538086
2012-02-14,45.88067626953125
2012-02-15,45.44621658325195
2012-02-16,46.24956130981445
2012-02-17,46.06102752685547
2012-02-21,46.36432647705078
2012-02-22,46.08562088012695
2012-02-23,46.183982849121094
2012-02-24,45.83969497680664
2012-02-27,46.12660598754883
2012-02-28,45.9134635925293
2012-02-29,45.65114212036133
2012-03-01,45.806907653808594
2012-03-02,45.49541091918945
2012-03-05,45.380638122558594
2012-03-06,43.95429229736328
2012-03-07,44.462528228759766
2012-03-08,45.06914138793945
2012-03-09,45.44621658325195
2012-03-12,45.62655258178711
2012-03-13,46.47087478637695
2012-03-14,46.68401336669922
2012-03-15,47.446380615234375
2012-03-16,47.470970153808594
2012-03-19,47.61032485961914
2012-03-20,46.880760192871094
2012-03-21,46.831573486328125
2012-03-22,46.38072204589844
2012-03-23,46.65122985839844
2012-03-26,47.4053955078125
2012-03-27,47.38079833984375
2012-03-28,46.82813262939453
2012-03-29,46.85288619995117
2012-03-30,47.11682891845703
2012-04-02,47.15807342529297
2012-04-03,46.968360900878906
2012-04-04,46.53118133544922
2012-04-05,46.44868850708008
2012-04-09,45.788787841796875
2012-04-10,45.16189193725586
2012-04-11,45.66505813598633
2012-04-12,46.762142181396484
2012-04-13,45.21963119506836
2012-04-16,45.49182891845703
2012-04-17,46.003265380859375
2012-04-18,46.126976013183594
2012-04-19,45.706302642822266
2012-04-20,46.01975631713867
2012-04-23,45.54957580566406
2012-04-24,46.75389099121094
2012-04-25,47.47153091430664
2012-04-26,47.51278305053711
2012-04-27,47.9334716796875
2012-04-30,47.3313102722168
2012-05-01,47.32305908203125
2012-05-02,47.6200065612793
2012-05-03,47.29006576538086
2012-05-04,46.54767608642578
2012-05-07,46.81988525390625
2012-05-08,46.63017272949219
2012-05-09,46.01150131225586
2012-05-10,46.46519088745117
2012-05-11,46.51467514038086
2012-05-14,46.01150131225586
2012-05-15,45.673309326171875
2012-05-16,45.277366638183594
2012-05-17,44.353511810302734
2012-05-18,44.172035217285156
2012-05-21,44.86492919921875
2012-05-22,45.0711555480957
2012-05-23,45.450599670410156
2012-05-24,45.986759185791016
2012-05-25,46.432186126708984
2012-05-29,47.182823181152344
2012-05-30,46.19297409057617
2012-05-31,46.31671905517578
2012-06-01,45.24436950683594
2012-06-04,44.88142776489258
2012-06-05,44.699951171875
2012-06-06,45.60731887817383
2012-06-07,46.0775032043457
2012-06-08,46.20121765136719
2012-06-11,45.38459777832031
2012-06-12,45.7640380859375
2012-06-13,44.9721565246582
2012-06-14,44.60921859741211
2012-06-15,44.93916702270508
2012-06-18,44.89793014526367
2012-06-19,45.71453857421875
2012-06-20,45.31035614013672
2012-06-21,43.875083923339844
2012-06-22,44.27101135253906
2012-06-25,43.10795593261719
2012-06-26,42.8027458190918
2012-06-27,42.85258483886719
2012-06-28,42.31267166137695
2012-06-29,43.932403564453125
2012-07-02,43.242984771728516
2012-07-03,43.62508010864258
2012-07-05,43.78289794921875
2012-07-06,43.242984771728516
2012-07-09,43.44233322143555
2012-07-10,42.55355453491211
2012-07-11,41.77276611328125
2012-07-12,41.56509780883789
2012-07-13,42.154842376708984
2012-07-16,41.905662536621094
2012-07-17,41.94719314575195
2012-07-18,43.807804107666016
2012-07-19,44.555381774902344
2012-07-20,44.26466369628906
2012-07-23,44.49725341796875
2012-07-24,43.434024810791016
2012-07-25,43.774593353271484
2012-07-26,44.48893356323242
2012-07-27,45.909324645996094
2012-07-30,45.3361930847168
2012-07-31,45.13683319091797
2012-08-01,44.846126556396484
2012-08-02,44.588619232177734
2012-08-03,46.20004653930664
2012-08-06,46.15852737426758
2012-08-07,46.94762420654297
2012-08-08,47.24666213989258
2012-08-09,47.180206298828125
2012-08-10,47.60382843017578
2012-08-13,47.85301208496094
2012-08-14,47.512451171875
2012-08-15,47.84470748901367
2012-08-16,49.56413650512695
2012-08-17,49.8382453918457
2012-08-20,49.240177154541016
2012-08-21,49.07405090332031
2012-08-22,48.808250427246094
2012-08-23,48.90791702270508
2012-08-24,49.57243347167969
2012-08-27,49.921302795410156
2012-08-28,49.29002380371094
2012-08-29,49.240177154541016
2012-08-30,48.94114685058594
2012-08-31,49.248497009277344
2012-09-04,48.94114685058594
2012-09-05,48.550758361816406
2012-09-06,49.59735870361328
2012-09-07,50.33662033081055
2012-09-10,50.162193298339844
2012-09-11,50.104042053222656
2012-09-12,50.73533630371094
2012-09-13,50.97621536254883
2012-09-14,50.768558502197266
2012-09-17,50.81839370727539
2012-09-18,50.9429931640625
2012-09-19,50.83501052856445
2012-09-20,50.73533630371094
2012-09-21,50.51105880737305
2012-09-24,50.35323715209961
2012-09-25,49.63058853149414
2012-09-26,49.03706741333008
2012-09-27,49.45503616333008
2012-09-28,49.71417236328125
2012-10-01,49.79777526855469
2012-10-02,49.16244888305664
2012-10-03,50.040199279785156
2012-10-04,50.65879440307617
2012-10-05,50.70896530151367
2012-10-08,50.48324966430664
2012-10-09,49.37979507446289
2012-10-10,48.71938705444336
2012-10-11,48.84478759765625
2012-10-12,48.94508743286133
2012-10-15,49.212615966796875
2012-10-16,49.83120346069336
2012-10-17,50.307716369628906
2012-10-18,50.78420639038086
2012-10-19,50.81763458251953
2012-10-22,50.6253662109375
2012-10-23,50.76748275756836
2012-10-24,50.274261474609375
2012-10-25,50.550140380859375
2012-10-26,50.3829460144043
2012-10-31,51.26906204223633
2012-11-01,51.92945861816406
2012-11-02,51.845855712890625
2012-11-05,52.10500717163086
2012-11-06,52.6233024597168
2012-11-07,51.611793518066406
2012-11-08,50.44982147216797
2012-11-09,50.525054931640625
2012-11-12,50.91796112060547
2012-11-13,50.8510856628418
2012-11-14,49.78105926513672
2012-11-15,49.11229705810547
2012-11-16,49.212615966796875
2012-11-19,49.78105926513672
2012-11-20,50.03183364868164
2012-11-21,49.964962005615234
2012-11-23,50.67551803588867
2012-11-26,50.608642578125
2012-11-27,50.608642578125
2012-11-28,51.37773132324219
2012-11-29,51.68703079223633
2012-11-30,51.46967315673828
2012-12-03,51.051700592041016
2012-12-04,51.1269416809082
2012-12-05,51.586708068847656
2012-12-06,51.45296096801758
2012-12-07,51.13530349731445
2012-12-10,51.8040657043457
2012-12-11,51.712100982666016
2012-12-12,51.92110061645508
2012-12-13,51.87093734741211
2012-12-14,50.31489181518555
2012-12-17,50.684974670410156
2012-12-18,51.97187042236328
2012-12-19,51.635414123535156
2012-12-20,52.05597686767578
2012-12-21,51.55131912231445
2012-12-24,51.374691009521484
2012-12-26,51.30739212036133
2012-12-27,51.046653747558594
2012-12-28,50.483116149902344
2012-12-31,51.1475944519043
2013-01-02,52.131675720214844
2013-01-03,52.341949462890625
2013-01-04,52.48493576049805
2013-01-07,52.367191314697266
2013-01-08,52.33354187011719
2013-01-09,52.03915023803711
2013-01-10,52.78773498535156
2013-01-11,52.6195182800293
2013-01-14,52.888675689697266
2013-01-15,52.66998291015625
2013-01-16,52.39242172241211
2013-01-17,53.24192428588867
2013-01-18,53.59519958496094
2013-01-22,53.53633117675781
2013-01-23,53.7718391418457
2013-01-24,54.52883529663086
2013-01-25,54.66340255737305
2013-01-28,55.041908264160156
2013-01-29,53.94846725463867
2013-01-30,53.460628509521484
2013-01-31,52.84662628173828
2013-02-01,52.9055061340332
2013-02-04,51.97187042236328
2013-02-05,52.85503387451172
2013-02-06,52.37559509277344
2013-02-07,52.20737838745117
2013-02-08,52.75410079956055
2013-02-11,52.821388244628906
2013-02-12,53.00642776489258
2013-02-13,53.452205657958984
2013-02-14,53.5783805847168
2013-02-15,53.199886322021484
2013-02-19,53.99053192138672
2013-02-20,53.090545654296875
2013-02-21,51.828880310058594
2013-02-22,51.71112823486328
2013-02-25,50.2728271484375
2013-02-26,50.53358840942383
2013-02-27,51.6859016418457
2013-02-28,51.72795486450195
2013-03-01,51.81206130981445
2013-03-04,51.761592864990234
2013-03-05,52.40082931518555
2013-03-06,52.66157531738281
2013-03-07,52.29148864746094
2013-03-08,52.518585205078125
2013-03-11,52.56064987182617
2013-03-12,51.526092529296875
2013-03-13,51.57654571533203
2013-03-14,51.517677307128906
2013-03-15,52.341949462890625
2013-03-18,52.41765213012695
2013-03-19,52.56064987182617
2013-03-20,53.124176025390625
2013-03-21,52.60270690917969
2013-03-22,52.367191314697266
2013-03-25,51.6774787902832
2013-03-26,51.63517379760742
2013-03-27,51.305091857910156
2013-03-28,51.575923919677734
2013-04-01,51.5251350402832
2013-04-02,51.50822067260742
2013-04-03,51.71133804321289
2013-04-04,52.23606872558594
2013-04-05,52.10911560058594
2013-04-08,52.38840866088867
2013-04-09,52.59152603149414
2013-04-10,52.96392059326172
2013-04-11,53.78487014770508
2013-04-12,53.69176483154297
2013-04-15,52.075260162353516
2013-04-16,53.11624526977539
2013-04-17,51.660560607910156
2013-04-18,51.20354080200195
2013-04-19,51.20354080200195
2013-04-22,51.44050598144531
2013-04-23,53.11624526977539
2013-04-24,54.334983825683594
2013-04-25,55.16440200805664
2013-04-26,54.48732376098633
2013-04-29,54.868186950683594
2013-04-30,54.63967514038086
2013-05-01,54.05569839477539
2013-05-02,54.60581970214844
2013-05-03,55.61295700073242
2013-05-06,55.646812438964844
2013-05-07,56.49315643310547
2013-05-08,57.331024169921875
2013-05-09,57.67803192138672
2013-05-10,57.80497360229492
2013-05-13,57.796512603759766
2013-05-14,58.719032287597656
2013-05-15,59.39609146118164
2013-05-16,59.16758728027344
2013-05-17,59.90391540527344
2013-05-20,60.09010314941406
2013-05-21,60.22550964355469
2013-05-22,59.920833587646484
2013-05-23,59.472267150878906
2013-05-24,59.438419342041016
2013-05-28,59.633060455322266
2013-05-29,59.387638092041016
2013-05-30,59.71769714355469
2013-05-31,59.35377502441406
2013-06-03,60.03085708618164
2013-06-04,59.27760696411133
2013-06-05,58.54975128173828
2013-06-06,58.896759033203125
2013-06-07,59.83618927001953
2013-06-10,59.6838493347168
2013-06-11,59.32839584350586
2013-06-12,58.735939025878906
2013-06-13,59.65847396850586
2013-06-14,59.446876525878906
2013-06-17,59.810813903808594
2013-06-18,60.369388580322266
2013-06-19,59.59920883178711
2013-06-20,58.44820022583008
2013-06-21,57.91499710083008
2013-06-24,56.83169174194336
2013-06-25,57.39873123168945
2013-06-26,58.17325210571289
2013-06-27,59.39883804321289
2013-06-28,58.871150970458984
2013-07-01,59.194576263427734
2013-07-02,58.871150970458984
2013-07-03,58.53071212768555
2013-07-05,59.552024841308594
2013-07-08,60.20738983154297
2013-07-09,60.54784393310547
2013-07-10,60.59040451049805
2013-07-11,61.45850372314453
2013-07-12,61.16914749145508
2013-07-15,61.322364807128906
2013-07-16,60.82017517089844
2013-07-17,60.93083953857422
2013-07-18,61.87556838989258
2013-07-19,62.377723693847656
2013-07-22,62.701133728027344
2013-07-23,60.93934631347656
2013-07-24,60.77762985229492
2013-07-25,61.5010871887207
2013-07-26,61.25424575805664
2013-07-29,60.964874267578125
2013-07-30,61.23723602294922
2013-07-31,61.31383514404297
2013-08-01,62.718170166015625
2013-08-02,63.194793701171875
2013-08-05,62.76072692871094
2013-08-06,62.530906677246094
2013-08-07,62.590492248535156
2013-08-08,62.590492248535156
2013-08-09,62.3862190246582
2013-08-12,62.573490142822266
2013-08-13,62.95647430419922
2013-08-14,62.61603927612305
2013-08-15,61.790470123291016
2013-08-16,61.64577102661133
2013-08-19,61.415985107421875
2013-08-20,61.577674865722656
2013-08-21,61.2797966003418
2013-08-22,62.02878189086914
2013-08-23,62.36920928955078
2013-08-26,62.12239456176758
2013-08-27,60.86274719238281
2013-08-28,60.93934631347656
2013-08-29,61.07552719116211
2013-08-30,60.828697204589844
2013-09-03,60.8457145690918
2013-09-04,61.977699279785156
2013-09-05,61.76491928100586
2013-09-06,62.02878189086914
2013-09-09,62.60749816894531
2013-09-10,63.34797286987305
2013-09-11,63.25436019897461
2013-09-12,62.930938720703125
2013-09-13,63.29692840576172
2013-09-16,63.91823196411133
2013-09-17,64.2501449584961
2013-09-18,64.81188201904297
2013-09-19,64.96509552001953
2013-09-20,65.10125732421875
2013-09-23,64.8799819946289
2013-09-24,66.38645935058594
2013-09-25,65.73959350585938
2013-09-26,66.13326263427734
2013-09-27,65.66256713867188
2013-09-30,65.26892852783203
2013-10-01,65.38874816894531
2013-10-02,64.64422607421875
2013-10-03,64.1050796508789
2013-10-04,64.47307586669922
2013-10-07,64.08798217773438
2013-10-08,63.37769317626953
2013-10-09,63.523189544677734
2013-10-10,65.4828872680664
2013-10-11,65.833740234375
2013-10-14,66.10759735107422
2013-10-15,64.83251190185547
2013-10-16,64.95230865478516
2013-10-17,65.77381896972656
2013-10-18,66.2530517578125
2013-10-21,66.37287139892578
2013-10-22,66.78362274169922
2013-10-23,67.15161895751953
2013-10-24,67.18583679199219
2013-10-25,67.22006225585938
2013-10-28,67.1344985961914
2013-10-29,67.81053924560547
2013-10-30,67.1430435180664
2013-10-31,67.42546844482422
2013-11-01,67.58804321289062
2013-11-04,67.79341888427734
2013-11-05,67.73352813720703
2013-11-06,67.81912231445312
2013-11-07,67.0574722290039
2013-11-08,67.67362976074219
2013-11-11,67.68217468261719
2013-11-12,67.45967864990234
2013-11-13,67.81912231445312
2013-11-14,68.0758285522461
2013-11-15,68.16142272949219
2013-11-18,67.990234375
2013-11-19,67.7506332397461
2013-11-20,67.29711151123047
2013-11-21,67.7506332397461
2013-11-22,68.03305053710938
2013-11-25,67.81053924560547
2013-11-26,67.84477233886719
2013-11-27,68.03305053710938
2013-11-29,68.10148620605469
2013-12-02,67.67362976074219
2013-12-03,66.92909240722656
2013-12-04,66.85208892822266
2013-12-05,67.52814483642578
2013-12-06,68.88024139404297
2013-12-09,68.32398986816406
2013-12-10,68.34111022949219
2013-12-11,67.34841918945312
2013-12-12,67.11737823486328
2013-12-13,67.56237030029297
2013-12-16,68.45234680175781
2013-12-17,68.42670440673828
2013-12-18,69.47927856445312
2013-12-19,70.01842498779297
2013-12-20,70.06120300292969
2013-12-23,70.771484375
2013-12-24,71.31916809082031
2013-12-26,71.63579559326172
2013-12-27,71.8938217163086
2013-12-30,71.76480102539062
2013-12-31,72.3152847290039
2014-01-02,71.5497817993164
2014-01-03,72.02284240722656
2014-01-06,71.13694763183594
2014-01-07,71.04235076904297
2014-01-08,70.57788848876953
2014-01-09,70.59510803222656
2014-01-10,70.9305419921875
2014-01-13,69.76082611083984
2014-01-14,70.72411346435547
2014-01-15,70.96493530273438
2014-01-16,71.2487564086914
2014-01-17,71.09396362304688
2014-01-21,71.41218566894531
2014-01-22,71.27456665039062
2014-01-23,70.13066864013672
2014-01-24,68.1266860961914
2014-01-27,67.33541107177734
2014-01-28,67.95468139648438
2014-01-29,67.3612289428711
2014-01-30,68.19550323486328
2014-01-31,67.83424377441406
2014-02-03,66.03668975830078
2014-02-04,66.59575653076172
2014-02-05,66.73334503173828
2014-02-06,67.18920135498047
2014-02-07,68.53094482421875
2014-02-10,67.77406311035156
2014-02-11,67.74823760986328
2014-02-12,67.76546478271484
2014-02-13,67.24079895019531
2014-02-14,67.59342956542969
2014-02-18,68.7373275756836
2014-02-19,68.29869079589844
2014-02-20,69.45978546142578
2014-02-21,70.07908630371094
2014-02-24,70.30266571044922
2014-02-25,70.4059066772461
2014-02-26,70.91331481933594
2014-02-27,70.72411346435547
2014-02-28,70.95632934570312
2014-03-03,70.38867950439453
2014-03-04,71.0251235961914
2014-03-05,70.85310363769531
2014-03-06,70.84452819824219
2014-03-07,71.1971664428711
2014-03-10,70.75851440429688
2014-03-11,70.50049591064453
2014-03-12,70.61231231689453
2014-03-13,69.73502349853516
2014-03-14,69.05558013916016
2014-03-17,70.33708953857422
2014-03-18,70.31988525390625
2014-03-19,69.38240051269531
2014-03-20,69.38240051269531
2014-03-21,69.45978546142578
2014-03-24,68.92655944824219
2014-03-25,69.85543823242188
2014-03-26,69.38240051269531
2014-03-27,69.02792358398438
2014-03-28,69.8233413696289
2014-03-31,70.31614685058594
2014-04-01,71.06831359863281
2014-04-02,71.88967895507812
2014-04-03,72.2960433959961
2014-04-04,72.25282287597656
2014-04-07,70.97322845458984
2014-04-08,71.12018585205078
2014-04-09,72.0625991821289
2014-04-10,70.87810516357422
2014-04-11,70.26425170898438
2014-04-14,70.58418273925781
2014-04-15,71.03374481201172
2014-04-16,72.0625991821289
2014-04-17,72.80612182617188
2014-04-21,73.14332580566406
2014-04-22,73.5842514038086
2014-04-23,73.83496856689453
2014-04-24,74.01653289794922
2014-04-25,73.03092193603516
2014-04-28,73.0395736694336
2014-04-29,73.290283203125
2014-04-30,73.68799591064453
2014-05-01,73.731201171875
2014-05-02,73.86090850830078
2014-05-05,73.96468353271484
2014-05-06,73.7831039428711
2014-05-07,74.45748138427734
2014-05-08,74.45748138427734
2014-05-09,74.55257415771484
2014-05-12,75.36526489257812
2014-05-13,75.1318359375
2014-05-14,74.55257415771484
2014-05-15,74.31914520263672
2014-05-16,74.0338134765625
2014-05-19,74.40559387207031
2014-05-20,73.77445220947266
2014-05-21,74.10298156738281
2014-05-22,74.23268127441406
2014-05-23,74.6995620727539
2014-05-27,74.97621154785156
2014-05-28,74.80331420898438
2014-05-29,75.00213623046875
2014-05-30,74.8292236328125
2014-06-02,75.1750717163086
2014-06-03,75.07132720947266
2014-06-04,75.32202911376953
2014-06-05,75.79757690429688
2014-06-06,76.50651550292969
2014-06-09,76.98204040527344
2014-06-10,76.86100769042969
2014-06-11,76.67943572998047
2014-06-12,75.9186019897461
2014-06-13,76.2385025024414
2014-06-16,75.72837829589844
2014-06-17,76.05693817138672
2014-06-18,76.4373550415039
2014-06-19,76.84368133544922
2014-06-20,77.27599334716797
2014-06-23,76.68807983398438
2014-06-24,76.28174591064453
2014-06-25,76.61890411376953
2014-06-26,76.40174102783203
2014-06-27,76.92295837402344
2014-06-30,76.06294250488281
2014-07-01,75.89791107177734
2014-07-02,75.7589111328125
2014-07-03,76.18456268310547
2014-07-07,75.95869445800781
2014-07-08,75.42880249023438
2014-07-09,75.3506088256836
2014-07-10,74.40375518798828
2014-07-11,74.62091827392578
2014-07-14,74.87284088134766
2014-07-15,74.98577880859375
2014-07-16,74.959716796875
2014-07-17,73.61322784423828
2014-07-18,74.01282501220703
2014-07-21,74.29082489013672
2014-07-22,74.51667022705078
2014-07-23,74.34293365478516
2014-07-24,74.17787170410156
2014-07-25,73.97808074951172
2014-07-28,73.62191009521484
2014-07-29,72.53602600097656
2014-07-30,73.0485610961914
2014-07-31,71.55441284179688
2014-08-01,71.28511810302734
2014-08-04,71.95402526855469
2014-08-05,71.85846710205078
2014-08-06,71.91058349609375
2014-08-07,72.13644409179688
2014-08-08,73.49161529541016
2014-08-11,73.56109619140625
2014-08-12,73.82173156738281
2014-08-13,74.70779418945312
2014-08-14,75.3419418334961
2014-08-15,75.5938491821289
2014-08-18,76.41912078857422
2014-08-19,76.8621597290039
2014-08-20,77.43549346923828
2014-08-21,77.3659896850586
2014-08-22,76.87953186035156
2014-08-25,77.1574935913086
2014-08-26,76.80136108398438
2014-08-27,76.8621597290039
2014-08-28,76.47123718261719
2014-08-29,76.62759399414062
2014-09-02,76.76658630371094
2014-09-03,76.54943084716797
2014-09-04,76.69711303710938
2014-09-05,76.69711303710938
2014-09-08,76.44518280029297
2014-09-09,76.26276397705078
2014-09-10,76.55811309814453
2014-09-11,76.93163299560547
2014-09-12,76.67105102539062
2014-09-15,76.7057876586914
2014-09-16,77.05326843261719
2014-09-17,76.9924545288086
2014-09-18,77.25305938720703
2014-09-19,76.98377990722656
2014-09-22,76.25405883789062
2014-09-23,75.3419418334961
2014-09-24,75.1681900024414
2014-09-25,73.8043441772461
2014-09-26,74.79595947265625
2014-09-29,74.50765991210938
2014-09-30,73.75627899169922
2014-10-01,72.61175537109375
2014-10-02,72.56806945800781
2014-10-03,73.06608581542969
2014-10-06,73.03114318847656
2014-10-07,71.3973388671875
2014-10-08,72.96124267578125
2014-10-09,71.36238861083984
2014-10-10,70.5848388671875
2014-10-13,69.18693542480469
2014-10-14,70.35767364501953
2014-10-15,70.71586608886719
2014-10-16,72.57682037353516
2014-10-17,72.85639953613281
2014-10-20,72.8738784790039
2014-10-21,75.6609115600586
2014-10-22,75.21533966064453
2014-10-23,76.30744934082031
2014-10-24,76.86660766601562
2014-10-27,77.24230194091797
2014-10-28,78.49166870117188
2014-10-29,78.22952270507812
2014-10-30,78.64891052246094
2014-10-31,79.5488052368164
2014-11-03,79.41775512695312
2014-11-04,79.41775512695312
2014-11-05,80.13418579101562
2014-11-06,81.21754455566406
2014-11-07,81.08649444580078
2014-11-10,81.31363677978516
2014-11-11,81.25249481201172
2014-11-12,81.45343780517578
2014-11-13,80.9554214477539
2014-11-14,81.9339599609375
2014-11-17,82.10868835449219
2014-11-18,82.74649047851562
2014-11-19,82.69407653808594
2014-11-20,83.06975555419922
2014-11-21,83.78616333007812
2014-11-24,83.9521713256836
2014-11-25,83.62890625
2014-11-26,83.46289825439453
2014-11-28,82.93870544433594
2014-12-01,82.39702606201172
2014-12-02,82.98236846923828
2014-12-03,84.5724868774414
2014-12-04,84.02207946777344
2014-12-05,84.47637176513672
2014-12-08,84.16185760498047
2014-12-09,83.86479187011719
2014-12-10,82.65912628173828
2014-12-11,82.99111938476562
2014-12-12,81.52332305908203
2014-12-15,80.78943634033203
2014-12-16,80.76322937011719
2014-12-17,81.43595886230469
2014-12-18,83.38426971435547
2014-12-19,83.89098358154297
2014-12-22,84.54627227783203
2014-12-23,84.9306869506836
2014-12-24,84.84333801269531
2014-12-26,84.7734375
2014-12-29,84.56707000732422
2014-12-30,84.3563461303711
2014-12-31,83.15339660644531
2015-01-02,83.13581085205078
2015-01-05,81.08111572265625
2015-01-06,79.96597290039062
2015-01-07,80.83527374267578
2015-01-08,82.78459930419922
2015-01-09,82.16117095947266
2015-01-12,81.7835922241211
2015-01-13,81.68701171875
2015-01-14,81.5201644897461
2015-01-15,80.93186950683594
2015-01-16,81.9153060913086
2015-01-20,82.02066802978516
2015-01-21,82.30167388916016
2015-01-22,83.06558227539062
2015-01-23,82.15237426757812
2015-01-26,82.30167388916016
2015-01-27,82.0645751953125
2015-01-28,80.8879623413086
2015-01-29,82.31920623779297
2015-01-30,81.73968505859375
2015-02-02,83.33778381347656
2015-02-03,84.18072509765625
2015-02-04,84.16316223144531
2015-02-05,85.23441314697266
2015-02-06,85.25196838378906
2015-02-09,85.01490783691406
2015-02-10,85.21685791015625
2015-02-11,84.92709350585938
2015-02-12,85.85784149169922
2015-02-13,86.27931213378906
2015-02-17,86.2178726196289
2015-02-18,86.4373779296875
2015-02-19,86.42860412597656
2015-02-20,87.35934448242188
2015-02-23,87.14861297607422
2015-02-24,87.35057830810547
2015-02-25,87.59642791748047
2015-02-26,87.2012939453125
2015-02-27,86.80616760253906
2015-03-02,87.42082214355469
2015-03-03,87.51739501953125
2015-03-04,86.22664642333984
2015-03-05,87.03445434570312
2015-03-06,85.84906005859375
2015-03-09,86.65689849853516
2015-03-10,84.9358901977539
2015-03-11,84.46171569824219
2015-03-12,86.12126922607422
2015-03-13,85.75249481201172
2015-03-16,86.99934387207031
2015-03-17,86.71835327148438
2015-03-18,87.64033508300781
2015-03-19,87.25398254394531
2015-03-20,86.51640319824219
2015-03-23,85.96321105957031
2015-03-24,85.70858001708984
2015-03-25,84.73393249511719
2015-03-26,84.76026153564453
2015-03-27,85.37359619140625
2015-03-30,86.38847351074219
2015-03-31,85.72660827636719
2015-04-01,85.17945098876953
2015-04-02,85.2588882446289
2015-04-06,86.27375030517578
2015-04-07,86.43260192871094
2015-04-08,85.83251190185547
2015-04-09,85.85013580322266
2015-04-10,86.07958984375
2015-04-13,86.52084350585938
2015-04-14,87.80049133300781
2015-04-15,87.40335083007812
2015-04-16,86.69735717773438
2015-04-17,84.60582733154297
2015-04-20,85.62068939208984
2015-04-21,83.326171875
2015-04-22,83.34383392333984
2015-04-23,83.58211517333984
2015-04-24,83.51151275634766
2015-04-27,83.80274963378906
2015-04-28,83.97924041748047
2015-04-29,83.42326354980469
2015-04-30,82.58489227294922
2015-05-01,83.88218688964844
2015-05-04,84.38520812988281
2015-05-05,83.64389038085938
2015-05-06,83.71449279785156
2015-05-07,83.85570526123047
2015-05-08,84.64994812011719
2015-05-11,84.52640533447266
2015-05-12,84.38520812988281
2015-05-13,84.53521728515625
2015-05-14,86.00900268554688
2015-05-15,85.7089614868164
2015-05-18,85.55010986328125
2015-05-19,85.31182861328125
2015-05-20,85.3206558227539
2015-05-21,86.05313873291016
2015-05-22,85.49715423583984
2015-05-26,84.17339324951172
2015-05-27,84.87940979003906
2015-05-28,84.3145751953125
2015-05-29,82.80551147460938
2015-06-01,82.76136016845703
2015-06-02,83.49385833740234
2015-06-03,83.90865325927734
2015-06-04,82.47016143798828
2015-06-05,82.27600860595703
2015-06-08,81.69355010986328
2015-06-09,81.83474731445312
2015-06-10,83.47622680664062
2015-06-11,83.68800354003906
2015-06-12,82.6907958984375
2015-06-15,81.74649810791016
2015-06-16,81.77299499511719
2015-06-17,81.72003936767578
2015-06-18,82.5407485961914
2015-06-19,81.9494857788086
2015-06-22,82.74373626708984
2015-06-23,82.35543060302734
2015-06-24,83.10555267333984
2015-06-25,81.99361419677734
2015-06-26,82.30852508544922
2015-06-29,81.12863159179688
2015-06-30,81.43028259277344
2015-07-01,82.88517761230469
2015-07-02,82.85855865478516
2015-07-06,82.61016845703125
2015-07-07,83.24003601074219
2015-07-08,81.55448150634766
2015-07-09,81.49236297607422
2015-07-10,82.131103515625
2015-07-13,83.1601791381836
2015-07-14,83.42633056640625
2015-07-15,82.83196258544922
2015-07-16,83.04486083984375
2015-07-17,82.52144622802734
2015-07-20,82.91179656982422
2015-07-21,81.75852966308594
2015-07-22,79.4697036743164
2015-07-23,79.31002044677734
2015-07-24,78.30754089355469
2015-07-27,77.41154479980469
2015-07-28,78.72451782226562
2015-07-29,79.25678253173828
2015-07-30,79.20355987548828
2015-07-31,79.37212371826172
2015-08-03,78.65352630615234
2015-08-04,78.36964416503906
2015-08-05,79.47856903076172
2015-08-06,79.15032958984375
2015-08-07,79.2213134765625
2015-08-10,81.06654357910156
2015-08-11,79.15032958984375
2015-08-12,79.25678253173828
2015-08-13,79.33663177490234
2015-08-14,79.62938690185547
2015-08-17,79.87779235839844
2015-08-18,79.78018951416016
2015-08-19,78.82209014892578
2015-08-20,77.54463195800781
2015-08-21,75.60179138183594
2015-08-24,72.91374969482422
2015-08-25,71.05077362060547
2015-08-26,73.86299896240234
2015-08-27,75.24693298339844
2015-08-28,75.45983123779297
2015-08-31,74.98966979980469
2015-09-01,72.603271484375
2015-09-02,73.3573226928711
2015-09-03,73.8541259765625
2015-09-04,72.53229522705078
2015-09-08,74.66143798828125
2015-09-09,74.1202621459961
2015-09-10,73.99608612060547
2015-09-11,74.14690399169922
2015-09-14,73.30408477783203
2015-09-15,74.92755126953125
2015-09-16,76.08085632324219
2015-09-17,75.90341186523438
2015-09-18,75.21144104003906
2015-09-21,74.75900268554688
2015-09-22,74.1202621459961
2015-09-23,73.8186264038086
2015-09-24,73.52588653564453
2015-09-25,73.12667083740234
2015-09-28,71.92992401123047
2015-09-29,72.64439392089844
2015-09-30,73.51070404052734
2015-10-01,72.83197021484375
2015-10-02,73.93045806884766
2015-10-05,76.4758071899414
2015-10-06,76.46685791015625
2015-10-07,77.13668823242188
2015-10-08,78.30663299560547
2015-10-09,78.28876495361328
2015-10-12,78.24411010742188
2015-10-13,77.27957153320312
2015-10-14,75.87740325927734
2015-10-15,76.40433502197266
2015-10-16,75.30583953857422
2015-10-19,75.064697265625
2015-10-20,76.02923583984375
2015-10-21,76.40433502197266
2015-10-22,79.95885467529297
2015-10-23,80.90552520751953
2015-10-26,81.03057098388672
2015-10-27,80.89659881591797
2015-10-28,82.28089904785156
2015-10-29,82.0933609008789
2015-10-30,82.11122131347656
2015-11-02,83.50443267822266
2015-11-03,83.06682586669922
2015-11-04,82.99536895751953
2015-11-05,83.14722442626953
2015-11-06,82.71851348876953
2015-11-09,81.62001037597656
2015-11-10,81.87899780273438
2015-11-11,81.57535552978516
2015-11-12,80.12854766845703
2015-11-13,79.85167694091797
2015-11-16,81.34314727783203
2015-11-17,80.46792602539062
2015-11-18,81.825439453125
2015-11-19,82.59349822998047
2015-11-20,83.5401840209961
2015-11-23,83.34368896484375
2015-11-24,83.40621948242188
2015-11-25,83.40621948242188
2015-11-27,83.23651123046875
2015-11-30,83.93315124511719
2015-12-01,84.09388732910156
2015-12-02,83.39726257324219
2015-12-03,82.486328125
2015-12-04,84.2367935180664
2015-12-07,83.41514587402344
2015-12-08,82.4238052368164
2015-12-09,82.51309204101562
2015-12-10,83.31688690185547
2015-12-11,81.68253326416016
2015-12-14,82.95965576171875
2015-12-15,82.37914276123047
2015-12-16,83.92420196533203
2015-12-17,82.65601348876953
2015-12-18,81.20025634765625
2015-12-21,82.02191162109375
2015-12-22,82.89712524414062
2015-12-23,84.1385269165039
2015-12-24,84.06708526611328
2015-12-28,83.70986938476562
2015-12-29,84.67111206054688
2015-12-30,83.7188491821289
2015-12-31,83.26067352294922
2016-01-04,81.80531311035156
2016-01-05,80.61048126220703
2016-01-06,78.6250991821289
2016-01-07,76.11865997314453
2016-01-08,75.4808120727539
2016-01-11,74.73516082763672
2016-01-12,75.27418518066406
2016-01-13,74.09733581542969
2016-01-14,74.41177368164062
2016-01-15,72.99232482910156
2016-01-19,73.38761138916016
2016-01-20,73.07318115234375
2016-01-21,73.35167694091797
2016-01-22,73.80985260009766
2016-01-25,72.81266021728516
2016-01-26,75.74134826660156
2016-01-27,77.4482421875
2016-01-28,79.73905944824219
2016-01-29,80.91593170166016
2016-02-01,80.78118133544922
2016-02-02,79.5953369140625
2016-02-03,80.83506774902344
2016-02-04,82.16466522216797
2016-02-05,81.22138214111328
2016-02-08,81.08662414550781
2016-02-09,81.17646026611328
2016-02-10,81.23036193847656
2016-02-11,80.49370574951172
2016-02-12,82.5419921875
2016-02-16,84.03327941894531
2016-02-17,85.281982421875
2016-02-18,85.85694122314453
2016-02-19,86.11746978759766
2016-02-22,86.62955474853516
2016-02-23,85.12030029296875
2016-02-24,84.6351547241211
2016-02-25,85.32691955566406
2016-02-26,85.281982421875
2016-02-29,84.67111206054688
2016-03-01,86.99787902832031
2016-03-02,87.15959167480469
2016-03-03,86.75531768798828
2016-03-04,87.79743957519531
2016-03-07,87.84235382080078
2016-03-08,87.2314682006836
2016-03-09,87.03382873535156
2016-03-10,87.19552612304688
2016-03-11,88.19271087646484
2016-03-14,88.07592010498047
2016-03-15,88.02203369140625
2016-03-16,88.32747650146484
2016-03-17,90.44761657714844
2016-03-18,91.02256774902344
2016-03-21,91.40885162353516
2016-03-22,91.885009765625
2016-03-23,91.72329711914062
2016-03-24,91.08543395996094
2016-03-28,91.09442901611328
2016-03-29,91.60025787353516
2016-03-30,92.70225524902344
2016-03-31,92.5306396484375
2016-04-01,93.43389129638672
2016-04-04,92.7383804321289
2016-04-05,91.95256042480469
2016-04-06,92.7745132446289
2016-04-07,92.63902282714844
2016-04-08,93.22615051269531
2016-04-11,93.11775207519531
2016-04-12,94.28297424316406
2016-04-13,94.81590270996094
2016-04-14,94.77976989746094
2016-04-15,94.734619140625
2016-04-18,95.11396789550781
2016-04-19,95.44818878173828
2016-04-20,94.25587463378906
2016-04-21,94.45458221435547
2016-04-22,94.53589630126953
2016-04-25,94.37329864501953
2016-04-26,95.22236633300781
2016-04-27,95.28559875488281
2016-04-28,94.45458221435547
2016-04-29,94.4094009399414
2016-05-02,94.81590270996094
2016-05-03,94.3642578125
2016-05-04,93.51519775390625
2016-05-05,93.18099975585938
2016-05-06,94.11133575439453
2016-05-09,94.02102661132812
2016-05-10,95.15010833740234
2016-05-11,94.19263458251953
2016-05-12,94.41845703125
2016-05-13,93.01840209960938
2016-05-16,94.21070861816406
2016-05-17,93.78617858886719
2016-05-18,93.31646728515625
2016-05-19,92.81966400146484
2016-05-20,93.16291809082031
2016-05-23,93.25323486328125
2016-05-24,94.76170349121094
2016-05-25,94.96945190429688
2016-05-26,95.07783508300781
2016-05-27,95.15010833740234
2016-05-31,95.77336120605469
2016-06-01,96.3785400390625
2016-06-02,96.75791931152344
2016-06-03,96.8392105102539
2016-06-06,97.33600616455078
2016-06-07,98.03152465820312
2016-06-08,98.80834197998047
2016-06-09,98.27540588378906
2016-06-10,97.63408660888672
2016-06-13,95.41204833984375
2016-06-14,95.47528076171875
2016-06-15,95.00557708740234
2016-06-16,95.12300872802734
2016-06-17,95.96305847167969
2016-06-20,96.40564727783203
2016-06-21,95.80948638916016
2016-06-22,95.56559753417969
2016-06-23,96.48694610595703
2016-06-24,91.85319519042969
2016-06-27,89.15241241455078
2016-06-28,91.3142318725586
2016-06-29,92.48597717285156
2016-06-30,94.61148834228516
2016-07-01,95.20189666748047
2016-07-05,94.38439178466797
2016-07-06,95.52886962890625
2016-07-07,96.21012115478516
2016-07-08,98.42644500732422
2016-07-11,99.01683807373047
2016-07-12,99.93428039550781
2016-07-13,100.45201873779297
2016-07-14,100.8698501586914
2016-07-15,101.0242691040039
2016-07-18,100.51560974121094
2016-07-19,100.92434692382812
2016-07-20,103.7492446899414
2016-07-21,103.54943084716797
2016-07-22,104.07624053955078
2016-07-25,104.28514862060547
2016-07-26,105.2752456665039
2016-07-27,105.13899230957031
2016-07-28,104.78475189208984
2016-07-29,104.82107543945312
2016-08-01,104.85740661621094
2016-08-02,104.53041076660156
2016-08-03,104.593994140625
2016-08-04,105.0390625
2016-08-05,106.12905883789062
2016-08-08,106.69222259521484
2016-08-09,107.25540161132812
2016-08-10,107.00106048583984
2016-08-11,107.98206329345703
2016-08-12,107.99114227294922
2016-08-15,108.34539031982422
2016-08-16,107.50971984863281
2016-08-17,108.08197021484375
2016-08-18,108.0728988647461
2016-08-19,108.67237854003906
2016-08-22,108.77230072021484
2016-08-23,108.79955291748047
2016-08-24,108.57246398925781
2016-08-25,108.45438385009766
2016-08-26,108.66329956054688
2016-08-29,109.4444580078125
2016-08-30,109.15380859375
2016-08-31,107.95481872558594
2016-09-01,108.67237854003906
2016-09-02,110.01671600341797
2016-09-06,108.83588409423828
2016-09-07,108.69056701660156
2016-09-08,108.10922241210938
2016-09-09,105.1662368774414
2016-09-12,106.96472930908203
2016-09-13,105.08450317382812
2016-09-14,105.4750747680664
2016-09-15,106.5923080444336
2016-09-16,105.53865814208984
2016-09-19,106.41974639892578
2016-09-20,107.54606628417969
2016-09-21,108.14553833007812
2016-09-22,108.71778869628906
2016-09-23,107.01014709472656
2016-09-26,106.93749237060547
2016-09-27,108.091064453125
2016-09-28,109.6071548461914
2016-09-29,108.72124481201172
2016-09-30,109.45188903808594
2016-10-03,109.49754333496094
2016-10-04,108.739501953125
2016-10-05,108.9312973022461
2016-10-06,109.19617462158203
2016-10-07,107.04073333740234
2016-10-10,106.31922149658203
2016-10-11,105.06797790527344
2016-10-12,106.6754150390625
2016-10-13,105.79861450195312
2016-10-14,105.84429168701172
2016-10-17,106.00869750976562
2016-10-18,105.10452270507812
2016-10-19,105.68902587890625
2016-10-20,103.46054077148438
2016-10-21,103.25960540771484
2016-10-24,103.28701782226562
2016-10-25,102.14535522460938
2016-10-26,103.5518569946289
2016-10-27,103.4970703125
2016-10-28,103.97200012207031
2016-10-31,103.72538757324219
2016-11-01,102.40108489990234
2016-11-02,103.58838653564453
2016-11-03,103.71625518798828
2016-11-04,104.13639068603516
2016-11-07,107.00421142578125
2016-11-08,107.53392791748047
2016-11-09,110.64834594726562
2016-11-10,112.56629943847656
2016-11-11,113.16910552978516
2016-11-14,112.80377197265625
2016-11-15,114.13721466064453
2016-11-16,113.77188110351562
2016-11-17,113.33348846435547
2016-11-18,113.21475219726562
2016-11-21,112.77637481689453
2016-11-22,113.65315246582031
2016-11-23,114.10980987548828
2016-11-25,114.86786651611328
2016-11-28,114.04589080810547
2016-11-29,114.72174072265625
2016-11-30,114.32901000976562
2016-12-01,114.43861389160156
2016-12-02,114.34727478027344
2016-12-05,115.17839050292969
2016-12-06,115.52545166015625
2016-12-07,116.84062194824219
2016-12-08,115.79032897949219
2016-12-09,116.00951385498047
2016-12-12,115.98210144042969
2016-12-13,115.22405242919922
2016-12-14,113.39741516113281
2016-12-15,114.2285385131836
2016-12-16,114.091552734375
2016-12-19,115.0414047241211
2016-12-20,115.00486755371094
2016-12-21,113.890625
2016-12-22,113.84495544433594
2016-12-23,114.0276107788086
2016-12-27,114.3564224243164
2016-12-28,112.59368896484375
2016-12-29,112.4559555053711
2016-12-30,112.42845153808594
2017-01-03,112.48351287841797
2017-01-04,112.9150161743164
2017-01-05,111.64806365966797
2017-01-06,112.81402587890625
2017-01-09,112.26319122314453
2017-01-10,112.52941131591797
2017-01-11,113.07109832763672
2017-01-12,112.5661392211914
2017-01-13,113.28224182128906
2017-01-17,112.75894927978516
2017-01-18,113.53013610839844
2017-01-19,113.26390075683594
2017-01-20,113.60356903076172
2017-01-23,113.88819122314453
2017-01-24,116.65160369873047
2017-01-25,118.0379409790039
2017-01-26,117.70742797851562
2017-01-27,118.30416107177734
2017-01-30,118.23989868164062
2017-01-31,116.78013610839844
2017-02-01,116.48636627197266
2017-02-02,116.57816314697266
2017-02-03,116.7893295288086
2017-02-06,116.86278533935547
2017-02-07,116.54144287109375
2017-02-08,116.70670318603516
2017-02-09,116.8352279663086
2017-02-10,117.51461029052734
2017-02-13,118.77236938476562
2017-02-14,118.98355102539062
2017-02-15,119.13042449951172
2017-02-16,119.58946228027344
2017-02-17,119.6353759765625
2017-02-21,119.72718048095703
2017-02-22,119.46094512939453
2017-02-23,119.73638916015625
2017-02-24,120.89315032958984
2017-02-27,121.0767822265625
2017-02-28,121.19610595703125
2017-03-01,123.86775207519531
2017-03-02,123.24345397949219
2017-03-03,123.32610321044922
2017-03-06,123.15165710449219
2017-03-07,122.93130493164062
2017-03-08,122.91295623779297
2017-03-09,122.05911254882812
2017-03-10,123.04146575927734
2017-03-13,123.27099609375
2017-03-14,122.32536315917969
2017-03-15,124.36351776123047
2017-03-16,123.46377563476562
2017-03-17,124.40023040771484
2017-03-20,124.14315795898438
2017-03-21,122.54568481445312
2017-03-22,122.88539123535156
2017-03-23,122.50898742675781
2017-03-24,121.89388275146484
2017-03-27,120.85643005371094
2017-03-28,122.02241516113281
2017-03-29,121.73639678955078
2017-03-30,122.34530639648438
2017-03-31,122.21614074707031
2017-04-03,121.39502716064453
2017-04-04,121.4227294921875
2017-04-05,120.915283203125
2017-04-06,121.43192291259766
2017-04-07,121.53340911865234
2017-04-10,122.00395965576172
2017-04-11,122.52980041503906
2017-04-12,120.73998260498047
2017-04-13,120.09416961669922
2017-04-17,121.20130157470703
2017-04-18,122.14234161376953
2017-04-19,121.89323425292969
2017-04-20,124.16283416748047
2017-04-21,124.43037414550781
2017-04-24,128.94186401367188
2017-04-25,128.48056030273438
2017-04-26,128.36985778808594
2017-04-27,128.62818908691406
2017-04-28,127.40111541748047
2017-05-01,126.99520111083984
2017-05-02,126.59846496582031
2017-05-03,127.27197265625
2017-05-04,127.56718444824219
2017-05-05,128.79425048828125
2017-05-08,128.7388916015625
2017-05-09,128.19454956054688
2017-05-10,127.59486389160156
2017-05-11,127.3180923461914
2017-05-12,126.74608612060547
2017-05-15,127.03211212158203
2017-05-16,127.05975341796875
2017-05-17,124.34735107421875
2017-05-18,124.87322998046875
2017-05-19,126.39549255371094
2017-05-22,127.18893432617188
2017-05-23,128.03773498535156
2017-05-24,128.720458984375
2017-05-25,129.6245880126953
2017-05-26,129.50466918945312
2017-05-30,130.17816162109375
2017-05-31,130.28883361816406
2017-06-01,132.2447509765625
2017-06-02,132.49386596679688
2017-06-05,132.87210083007812
2017-06-06,131.91258239746094
2017-06-07,133.3795623779297
2017-06-08,133.39801025390625
2017-06-09,133.5917205810547
2017-06-12,133.51792907714844
2017-06-13,135.0863494873047
2017-06-14,135.381591796875
2017-06-15,136.73777770996094
2017-06-16,137.12525939941406
2017-06-19,138.55531311035156
2017-06-20,138.0201873779297
2017-06-21,135.2616424560547
2017-06-22,134.87411499023438
2017-06-23,134.4958953857422
2017-06-26,134.0899658203125
2017-06-27,131.257568359375
2017-06-28,133.1204833984375
2017-06-29,131.25755310058594
2017-06-30,132.768310546875
2017-07-03,133.56536865234375
2017-07-05,134.83509826660156
2017-07-06,133.7877960205078
2017-07-07,135.37269592285156
2017-07-10,135.53953552246094
2017-07-11,135.1502685546875
2017-07-12,135.53953552246094
2017-07-13,134.11219787597656
2017-07-14,135.03903198242188
2017-07-17,135.51171875
2017-07-18,135.91021728515625
2017-07-19,136.8741455078125
2017-07-20,136.35511779785156
2017-07-21,136.51268005371094
2017-07-24,131.59121704101562
2017-07-25,131.28536987304688
2017-07-26,129.82101440429688
2017-07-27,130.51612854003906
2017-07-28,130.5253448486328
2017-07-31,130.4141845703125
2017-08-01,129.6726837158203
2017-08-02,131.39659118652344
2017-08-03,131.08148193359375
2017-08-04,132.42538452148438
2017-08-07,131.30389404296875
2017-08-08,130.99806213378906
2017-08-09,130.4326934814453
2017-08-10,127.41121673583984
2017-08-11,128.23611450195312
2017-08-14,128.87564086914062
2017-08-15,128.91265869140625
2017-08-16,129.78390502929688
2017-08-17,126.22489166259766
2017-08-18,125.7429428100586
2017-08-21,125.67805480957031
2017-08-22,127.78197479248047
2017-08-23,126.49365997314453
2017-08-24,125.92831420898438
2017-08-25,126.79952239990234
2017-08-28,126.54002380371094
2017-08-29,126.8365707397461
2017-08-30,126.91998291015625
2017-08-31,127.44827270507812
2017-09-01,127.6429443359375
2017-09-05,126.4658432006836
2017-09-06,126.8829345703125
2017-09-07,128.02293395996094
2017-09-08,129.79318237304688
2017-09-11,131.1648712158203
2017-09-12,132.39755249023438
2017-09-13,132.5365753173828
2017-09-14,134.45510864257812
2017-09-15,134.9833984375
2017-09-18,136.1883087158203
2017-09-19,137.17074584960938
2017-09-20,136.94830322265625
2017-09-21,136.55899047851562
2017-09-22,136.61463928222656
2017-09-25,136.3087921142578
2017-09-26,136.32733154296875
2017-09-27,136.94830322265625
2017-09-28,137.1532745361328
2017-09-29,137.86141967773438
2017-10-02,139.91123962402344
2017-10-03,139.56651306152344
2017-10-04,139.771484375
2017-10-05,141.15982055664062
2017-10-06,141.2809295654297
2017-10-09,141.34613037109375
2017-10-10,141.2716064453125
2017-10-11,141.1038818359375
2017-10-12,142.771728515625
2017-10-13,142.3897247314453
2017-10-16,142.93942260742188
2017-10-17,142.62265014648438
2017-10-18,143.2655487060547
2017-10-19,143.004638671875
2017-10-20,144.44888305664062
2017-10-23,144.89610290527344
2017-10-24,147.60751342773438
2017-10-25,146.7875518798828
2017-10-26,146.7502899169922
2017-10-27,148.2037811279297
2017-10-30,146.61053466796875
2017-10-31,145.8372039794922
2017-11-01,144.53273010253906
2017-11-02,146.26576232910156
2017-11-03,146.5639190673828
2017-11-06,147.20684814453125
2017-11-07,147.05775451660156
2017-11-08,146.8900604248047
2017-11-09,145.67877197265625
2017-11-10,146.41485595703125
2017-11-13,146.85279846191406
2017-11-14,147.7192840576172
2017-11-15,145.21290588378906
2017-11-16,147.14161682128906
2017-11-17,146.41485595703125
2017-11-20,148.0081787109375
2017-11-21,148.5765380859375
2017-11-22,148.7255859375
2017-11-24,148.93060302734375
2017-11-27,149.84368896484375
2017-11-28,153.25389099121094
2017-11-29,154.55831909179688
2017-11-30,157.6983184814453
2017-12-01,153.61724853515625
2017-12-04,154.8751220703125
2017-12-05,153.7570343017578
2017-12-06,154.94967651367188
2017-12-07,155.12667846679688
2017-12-08,155.12667846679688
2017-12-11,153.76632690429688
2017-12-12,152.6948699951172
2017-12-13,152.63893127441406
2017-12-14,151.54879760742188
2017-12-15,153.8967742919922
2017-12-18,154.72607421875
2017-12-19,156.030517578125
2017-12-20,157.04611206054688
2017-12-21,156.77589416503906
2017-12-22,155.7230224609375
2017-12-26,155.69505310058594
2017-12-27,155.7230224609375
2017-12-28,156.06002807617188
2017-12-29,156.19110107421875
2018-01-02,154.7120361328125
2018-01-03,155.3579559326172
2018-01-04,155.53578186035156
2018-01-05,155.42347717285156
2018-01-08,156.8651123046875
2018-01-09,158.0726776123047
2018-01-10,156.62168884277344
2018-01-11,158.2037353515625
2018-01-12,159.6266326904297
2018-01-16,158.40966796875
2018-01-17,160.0946807861328
2018-01-18,159.4394073486328
2018-01-19,161.40524291992188
2018-01-22,162.31329345703125
2018-01-23,162.00437927246094
2018-01-24,162.65963745117188
2018-01-25,163.59576416015625
2018-01-26,167.45257568359375
2018-01-29,165.5990447998047
2018-01-30,163.99827575683594
2018-01-31,162.57540893554688
2018-02-01,162.02310180664062
2018-02-02,159.49557495117188
2018-02-05,150.82713317871094
2018-02-06,153.65420532226562
2018-02-07,152.9989013671875
2018-02-08,146.1746063232422
2018-02-09,149.900390625
2018-02-12,151.10797119140625
2018-02-13,151.510498046875
2018-02-14,152.09088134765625
2018-02-15,152.92401123046875
2018-02-16,152.165771484375
2018-02-20,151.03306579589844
2018-02-21,150.9581756591797
2018-02-22,152.8865966796875
2018-02-23,153.48568725585938
2018-02-26,154.88050842285156
2018-02-27,152.8117218017578
2018-02-28,151.12667846679688
2018-03-01,148.318359375
2018-03-02,148.43067932128906
2018-03-05,149.47911071777344
2018-03-06,151.32327270507812
2018-03-07,152.58702087402344
2018-03-08,155.62940979003906
2018-03-09,159.4207000732422
2018-03-12,158.39096069335938
2018-03-13,159.07431030273438
2018-03-14,158.5220184326172
2018-03-15,159.308349609375
2018-03-16,160.0385284423828
2018-03-19,156.92123413085938
2018-03-20,157.0803985595703
2018-03-21,157.4735565185547
2018-03-22,152.35301208496094
2018-03-23,146.88607788085938
2018-03-26,149.7880401611328
2018-03-27,145.69723510742188
2018-03-28,144.75636291503906
2018-03-29,147.3907012939453
2018-04-02,143.8155517578125
2018-04-03,146.16761779785156
2018-04-04,148.6796417236328
2018-04-05,149.32879638671875
2018-04-06,143.57093811035156
2018-04-09,143.5615234375
2018-04-10,147.01437377929688
2018-04-11,145.35848999023438
2018-04-12,146.52516174316406
2018-04-13,145.84774780273438
2018-04-16,147.1084442138672
2018-04-17,148.62319946289062
2018-04-18,149.96859741210938
2018-04-19,149.67691040039062
2018-04-20,148.92425537109375
2018-04-23,147.33425903320312
2018-04-24,140.79547119140625
2018-04-25,142.63009643554688
2018-04-26,133.0430145263672
2018-04-27,134.13438415527344
2018-04-30,133.616943359375
2018-05-01,135.47976684570312
2018-05-02,134.64242553710938
2018-05-03,135.7526397705078
2018-05-04,136.86280822753906
2018-05-07,136.22300720214844
2018-05-08,135.94076538085938
2018-05-09,137.8036346435547
2018-05-10,137.1920928955078
2018-05-11,137.1638641357422
2018-05-14,136.8910369873047
2018-05-15,137.32383728027344
2018-05-16,135.7714385986328
2018-05-17,137.14508056640625
2018-05-18,138.11412048339844
2018-05-21,140.87074279785156
2018-05-22,138.546875
2018-05-23,139.299560546875
2018-05-24,138.6409454345703
2018-05-25,138.70681762695312
2018-05-29,135.4985809326172
2018-05-30,137.10740661621094
2018-05-31,135.19752502441406
2018-06-01,138.2646484375
2018-06-04,137.54957580566406
2018-06-05,137.02272033691406
2018-06-06,138.47161865234375
2018-06-07,139.45010375976562
2018-06-08,139.017333984375
2018-06-11,140.35328674316406
2018-06-12,141.06834411621094
2018-06-13,139.89227294921875
2018-06-14,140.0804443359375
2018-06-15,139.85464477539062
2018-06-18,137.09800720214844
2018-06-19,134.64242553710938
2018-06-20,134.5107421875
2018-06-21,132.4314727783203
2018-06-22,133.09007263183594
2018-06-25,132.61965942382812
2018-06-26,132.61024475097656
2018-06-27,132.6572723388672
2018-06-28,131.08682250976562
2018-06-29,131.06788635253906
2018-07-02,131.1341094970703
2018-07-03,131.72068786621094
2018-07-05,133.28167724609375
2018-07-06,132.10855102539062
2018-07-09,135.9495849609375
2018-07-10,136.29019165039062
2018-07-11,133.97230529785156
2018-07-12,134.7859344482422
2018-07-13,135.9968719482422
2018-07-16,134.1709747314453
2018-07-17,135.4765625
2018-07-18,135.84552001953125
2018-07-19,137.61468505859375
2018-07-20,138.9391632080078
2018-07-23,128.91087341308594
2018-07-24,130.74623107910156
2018-07-25,130.61376953125
2018-07-26,133.63172912597656
2018-07-27,132.64781188964844
2018-07-30,132.1936798095703
2018-07-31,135.59954833984375
2018-08-01,131.6638946533203
2018-08-02,131.5314483642578
2018-08-03,132.0234375
2018-08-06,132.9884033203125
2018-08-07,132.7707977294922
2018-08-08,132.8275604248047
2018-08-09,131.03952026367188
2018-08-10,129.10955810546875
2018-08-13,128.56082153320312
2018-08-14,129.89476013183594
2018-08-15,131.11520385742188
2018-08-16,131.45579528808594
2018-08-17,131.90988159179688
2018-08-20,130.83135986328125
2018-08-21,130.61376953125
2018-08-22,128.81625366210938
2018-08-23,127.85126495361328
2018-08-24,128.23916625976562
2018-08-27,130.68002319335938
2018-08-28,130.8692169189453
2018-08-29,131.21923828125
2018-08-30,131.08682250976562
2018-08-31,131.38955688476562
2018-09-04,131.44631958007812
2018-09-05,133.73580932617188
2018-09-06,133.46144104003906
2018-09-07,133.04515075683594
2018-09-10,134.76699829101562
2018-09-11,133.8966064453125
2018-09-12,134.02906799316406
2018-09-13,135.09812927246094
2018-09-14,137.07540893554688
2018-09-17,138.31472778320312
2018-09-18,138.4945068359375
2018-09-19,138.82562255859375
2018-09-20,140.0082244873047
2018-09-21,140.43394470214844
2018-09-24,138.14447021484375
2018-09-25,135.76983642578125
2018-09-26,135.22109985351562
2018-09-27,135.2687530517578
2018-09-28,134.44940185546875
2018-10-01,136.37391662597656
2018-10-02,137.8697052001953
2018-10-03,136.90745544433594
2018-10-04,136.72642517089844
2018-10-05,134.3446044921875
2018-10-08,134.02066040039062
2018-10-09,130.40029907226562
2018-10-10,126.71324157714844
2018-10-11,123.23577880859375
2018-10-12,124.4933853149414
2018-10-15,125.03642272949219
2018-10-16,126.7989730834961
2018-10-17,125.77002716064453
2018-10-18,122.35924530029297
2018-10-19,121.02542877197266
2018-10-22,121.30172729492188
2018-10-23,120.58717346191406
2018-10-24,114.16576385498047
2018-10-25,116.88104248046875
2018-10-26,118.23393249511719
2018-10-29,119.87261962890625
2018-10-30,123.5692138671875
2018-10-31,121.53990173339844
2018-11-01,123.35008239746094
2018-11-02,124.531494140625
2018-11-05,124.7601318359375
2018-11-06,125.47467803955078
2018-11-07,127.48494720458984
2018-11-08,127.48494720458984
2018-11-09,126.29403686523438
2018-11-12,124.98880004882812
2018-11-13,126.6941909790039
2018-11-14,126.91332244873047
2018-11-15,128.8378143310547
2018-11-16,129.1903533935547
2018-11-19,127.65645599365234
2018-11-20,127.35157012939453
2018-11-21,127.71359252929688
2018-11-23,127.86604309082031
2018-11-26,129.4761505126953
2018-11-27,129.46664428710938
2018-11-28,131.50546264648438
2018-11-29,129.4761505126953
2018-11-30,132.47726440429688
2018-12-03,132.8488311767578
2018-12-04,126.48458099365234
2018-12-06,126.9609375
2018-12-07,123.35008239746094
2018-12-10,124.48384094238281
2018-12-11,124.931640625
2018-12-12,125.9605941772461
2018-12-13,126.94190216064453
2018-12-14,124.84587860107422
2018-12-17,122.04485321044922
2018-12-18,121.20643615722656
2018-12-19,119.67256164550781
2018-12-20,119.28192901611328
2018-12-21,118.17676544189453
2018-12-24,113.32735443115234
2018-12-26,117.74803924560547
2018-12-27,119.98695373535156
2018-12-28,119.77567291259766
2018-12-31,121.6675796508789
2019-01-02,121.58114624023438
2019-01-03,118.55601501464844
2019-01-04,122.1381607055664
2019-01-07,122.1669692993164
2019-01-08,124.85594940185547
2019-01-09,124.83675384521484
2019-01-10,126.22927856445312
2019-01-11,125.14405822753906
2019-01-14,125.00960540771484
2019-01-15,124.93278503417969
2019-01-16,124.81755065917969
2019-01-17,127.41051483154297
2019-01-18,131.25192260742188
2019-01-22,126.9303207397461
2019-01-23,125.91233825683594
2019-01-24,125.7394790649414
2019-01-25,127.9675064086914
2019-01-28,125.854736328125
2019-01-29,129.59051513671875
2019-01-30,130.2339324951172
2019-01-31,131.86656188964844
2019-02-01,129.10072326660156
2019-02-04,132.92295837402344
2019-02-05,132.37554931640625
2019-02-06,132.11627197265625
2019-02-07,129.66737365722656
2019-02-08,130.339599609375
2019-02-11,130.82936096191406
2019-02-12,133.14382934570312
2019-02-13,134.2770538330078
2019-02-14,133.24948120117188
2019-02-15,138.49302673339844
2019-02-19,137.5710906982422
2019-02-20,137.91680908203125
2019-02-21,137.54226684570312
2019-02-22,139.0884552001953
2019-02-25,139.2709197998047
2019-02-26,138.61788940429688
2019-02-27,139.53981018066406
2019-02-28,138.36819458007812
2019-03-01,138.68508911132812
2019-03-04,138.61788940429688
2019-03-05,137.96482849121094
2019-03-06,136.8988494873047
2019-03-07,135.17019653320312
2019-03-08,135.0741424560547
2019-03-11,137.93600463867188
2019-03-12,138.27212524414062
2019-03-13,139.4725799560547
2019-03-14,139.15567016601562
2019-03-15,137.5038604736328
2019-03-18,139.6166534423828
2019-03-19,140.2024688720703
2019-03-20,139.88555908203125
2019-03-21,140.66343688964844
2019-03-22,136.03453063964844
2019-03-25,136.40904235839844
2019-03-26,137.5710906982422
2019-03-27,136.97567749023438
2019-03-28,138.1555633544922
2019-03-29,138.81321716308594
2019-04-01,143.46514892578125
2019-04-02,143.85202026367188
2019-04-03,145.1866455078125
2019-04-04,146.7727508544922
2019-04-05,147.1982879638672
2019-04-08,148.8521270751953
2019-04-09,146.028076171875
2019-04-10,146.705078125
2019-04-11,149.25831604003906
2019-04-12,151.26028442382812
2019-04-15,150.50592041015625
2019-04-16,152.56591796875
2019-04-17,151.01849365234375
2019-04-18,153.12686157226562
2019-04-22,152.0243377685547
2019-04-23,152.74000549316406
2019-04-24,151.65679931640625
2019-04-25,146.2408447265625
2019-04-26,148.54261779785156
2019-04-29,149.9159698486328
2019-04-30,150.5155792236328
2019-05-01,149.2776641845703
2019-05-02,149.51943969726562
2019-05-03,152.2371063232422
2019-05-06,150.22544860839844
2019-05-07,146.65670776367188
2019-05-08,146.16346740722656
2019-05-09,146.57933044433594
2019-05-10,147.7399139404297
2019-05-13,142.83653259277344
2019-05-14,144.0550994873047
2019-05-15,145.97970581054688
2019-05-16,147.4594268798828
2019-05-17,145.65089416503906
2019-05-20,144.50965881347656
2019-05-21,146.2408447265625
2019-05-22,145.03192138671875
2019-05-23,141.48251342773438
2019-05-24,140.93125915527344
2019-05-28,137.71067810058594
2019-05-29,136.76290893554688
2019-05-30,136.23095703125
2019-05-31,135.0510711669922
2019-06-03,135.65066528320312
2019-06-04,140.39930725097656
2019-06-05,142.33360290527344
2019-06-06,143.1846923828125
2019-06-07,146.1731414794922
2019-06-10,147.2176513671875
2019-06-11,147.3917236328125
2019-06-12,145.55416870117188
2019-06-13,146.98553466796875
2019-06-14,144.15182495117188
2019-06-17,142.54640197753906
2019-06-18,144.30654907226562
2019-06-19,144.62570190429688
2019-06-20,147.17893981933594
2019-06-21,146.9371795654297
2019-06-24,147.05323791503906
2019-06-25,145.8636932373047
2019-06-26,145.1383056640625
2019-06-27,145.1480255126953
2019-06-28,146.83241271972656
2019-07-01,147.55288696289062
2019-07-02,145.79063415527344
2019-07-03,146.1411590576172
2019-07-05,144.07704162597656
2019-07-08,142.38294982910156
2019-07-09,142.5484619140625
2019-07-10,142.29530334472656
2019-07-11,142.99630737304688
2019-07-12,147.48472595214844
2019-07-15,147.27053833007812
2019-07-16,149.40277099609375
2019-07-17,146.3553466796875
2019-07-18,146.0437774658203
2019-07-19,147.29002380371094
2019-07-22,147.91314697265625
2019-07-23,152.7909698486328
2019-07-24,154.5240478515625
2019-07-25,154.4558868408203
2019-07-26,151.52529907226562
2019-07-29,151.63238525390625
2019-07-30,151.77842712402344
2019-07-31,150.16221618652344
2019-08-01,147.4165802001953
2019-08-02,147.6697235107422
2019-08-05,142.81134033203125
2019-08-06,145.0506591796875
2019-08-07,145.08963012695312
2019-08-08,146.87136840820312
2019-08-09,145.58616638183594
2019-08-12,143.96022033691406
2019-08-13,147.8741912841797
2019-08-14,142.7237091064453
2019-08-15,142.7529296875
2019-08-16,146.2579803466797
2019-08-19,148.9938507080078
2019-08-20,148.1468048095703
2019-08-21,148.11761474609375
2019-08-22,147.80604553222656
2019-08-23,142.49978637695312
2019-08-26,141.46774291992188
2019-08-27,141.1756591796875
2019-08-28,141.46774291992188
2019-08-29,144.24256896972656
2019-08-30,145.907470703125
2019-09-03,141.23406982421875
2019-09-04,142.91842651367188
2019-09-05,147.48472595214844
2019-09-06,148.4680938720703
2019-09-09,149.6559295654297
2019-09-10,153.2096405029297
2019-09-11,155.3321533203125
2019-09-12,155.63400268554688
2019-09-13,155.5561065673828
2019-09-16,152.65469360351562
2019-09-17,153.32647705078125
2019-09-18,153.15122985839844
2019-09-19,151.75894165039062
2019-09-20,150.97032165527344
2019-09-23,150.23037719726562
2019-09-24,148.20523071289062
2019-09-25,150.53219604492188
2019-09-26,151.22348022460938
2019-09-27,151.89991760253906
2019-09-30,153.4195098876953
2019-10-01,149.73326110839844
2019-10-02,146.21371459960938
2019-10-03,146.8901824951172
2019-10-04,148.5274200439453
2019-10-07,147.25291442871094
2019-10-08,143.52748107910156
2019-10-09,145.28236389160156
2019-10-10,146.95880126953125
2019-10-11,151.4979705810547
2019-10-14,150.91954040527344
2019-10-15,152.71363830566406
2019-10-16,152.7038116455078
2019-10-17,153.8802947998047
2019-10-18,155.20379638671875
2019-10-21,156.3606414794922
2019-10-22,158.40963745117188
2019-10-23,158.4586639404297
2019-10-24,156.98809814453125
2019-10-25,168.4389190673828
2019-10-28,166.60562133789062
2019-10-29,169.04673767089844
2019-10-30,166.8703155517578
2019-10-31,165.2722930908203
2019-11-01,169.39967346191406
2019-11-04,172.0565185546875
2019-11-05,172.72315979003906
2019-11-06,174.0662841796875
2019-11-07,173.0466766357422
2019-11-08,172.9486541748047
2019-11-11,171.80162048339844
2019-11-12,171.34085083007812
2019-11-13,169.97811889648438
2019-11-14,170.2526092529297
2019-11-15,171.7231903076172
2019-11-18,172.38983154296875
2019-11-19,171.03692626953125
2019-11-20,169.05654907226562
2019-11-21,169.23301696777344
2019-11-22,170.15457153320312
2019-11-25,171.74278259277344
2019-11-26,171.92904663085938
2019-11-27,171.67416381835938
2019-11-29,170.9094696044922
2019-12-02,168.70361328125
2019-12-03,167.36050415039062
2019-12-04,168.2722625732422
2019-12-05,169.3604736328125
2019-12-06,170.772216796875
2019-12-09,171.0074920654297
2019-12-10,171.02711486816406
2019-12-11,173.39962768554688
2019-12-12,175.58587646484375
2019-12-13,173.7917938232422
2019-12-16,173.9878387451172
2019-12-17,174.31138610839844
2019-12-18,175.3800048828125
2019-12-19,174.95843505859375
2019-12-20,176.7721405029297
2019-12-23,177.51722717285156
2019-12-24,176.64466857910156
2019-12-26,177.7230987548828
2019-12-27,177.5760498046875
2019-12-30,177.42811584472656
2019-12-31,177.1519775390625
2020-01-02,179.17369079589844
2020-01-03,176.63914489746094
2020-01-06,176.07701110839844
2020-01-07,175.35708618164062
2020-01-08,176.27426147460938
2020-01-09,177.1519775390625
2020-01-10,175.78115844726562
2020-01-13,177.33937072753906
2020-01-14,176.17562866210938
2020-01-15,175.9488067626953
2020-01-16,177.30975341796875
2020-01-17,177.94093322753906
2020-01-21,175.42613220214844
2020-01-22,175.06121826171875
2020-01-23,177.1223907470703
2020-01-24,173.867919921875
2020-01-27,170.97833251953125
2020-01-28,173.43397521972656
2020-01-29,173.38467407226562
2020-01-30,175.44583129882812
2020-01-31,172.5661163330078
2020-02-03,174.0257110595703
2020-02-04,179.51885986328125
2020-02-05,183.19740295410156
2020-02-06,183.50314331054688
2020-02-07,181.00802612304688
2020-02-10,181.30389404296875
2020-02-11,184.5485076904297
2020-02-12,187.053466796875
2020-02-13,186.46176147460938
2020-02-14,185.26844787597656
2020-02-18,183.907470703125
2020-02-19,184.9429931640625
2020-02-20,187.37892150878906
2020-02-21,186.96470642089844
2020-02-24,180.53465270996094
2020-02-25,175.14012145996094
2020-02-26,173.56219482421875
2020-02-27,167.7830352783203
2020-02-28,165.46543884277344
2020-03-02,170.8895721435547
2020-03-03,166.53054809570312
2020-03-04,174.95274353027344
2020-03-05,165.39642333984375
2020-03-06,161.8460693359375
2020-03-09,152.3883819580078
2020-03-10,162.3490447998047
2020-03-11,156.2444305419922
2020-03-12,138.2560577392578
2020-03-13,154.291748046875
2020-03-16,147.1614990234375
2020-03-17,157.29966735839844
2020-03-18,139.8043975830078
2020-03-19,134.44931030273438
2020-03-20,124.04484558105469
2020-03-23,116.46092987060547
2020-03-24,135.80039978027344
2020-03-25,141.54998779296875
2020-03-26,148.41397094726562
2020-03-27,141.32315063476562
2020-03-30,141.44239807128906
2020-03-31,141.21385192871094
2020-04-01,136.39479064941406
2020-04-02,140.69717407226562
2020-04-03,139.51475524902344
2020-04-06,150.0769805908203
2020-04-07,151.2991485595703
2020-04-08,157.78750610351562
2020-04-09,158.2644500732422
2020-04-13,150.9613037109375
2020-04-14,155.06497192382812
2020-04-15,151.7263946533203
2020-04-16,152.3424530029297
2020-04-17,157.56890869140625
2020-04-20,154.22039794921875
2020-04-21,150.80233764648438
2020-04-22,154.54827880859375
2020-04-23,154.13096618652344
2020-04-24,157.22113037109375
2020-04-27,162.1892547607422
2020-04-28,165.4185333251953
2020-04-29,166.4419708251953
2020-04-30,161.4639129638672
2020-05-01,158.43336486816406
2020-05-04,157.33042907714844
2020-05-05,158.6718292236328
2020-05-06,157.76763916015625
2020-05-07,155.9492950439453
2020-05-08,159.98341369628906
2020-05-11,160.85780334472656
2020-05-12,153.7235870361328
2020-05-13,151.5177459716797
2020-05-14,153.86270141601562
2020-05-15,154.68739318847656
2020-05-18,163.6598358154297
2020-05-19,160.27157592773438
2020-05-20,163.94796752929688
2020-05-21,163.05372619628906
2020-05-22,162.70594787597656
2020-05-26,171.996337890625
2020-05-27,175.11631774902344
2020-05-28,171.8075408935547
2020-05-29,171.36041259765625
2020-06-01,170.13824462890625
2020-06-02,171.1815643310547
2020-06-03,177.3122100830078
2020-06-04,177.58050537109375
2020-06-05,181.7040252685547
2020-06-08,179.08087158203125
2020-06-09,176.8948974609375
2020-06-10,173.3874053955078
2020-06-11,164.11688232421875
2020-06-12,163.88836669921875
2020-06-15,163.89828491210938
2020-06-16,168.31991577148438
2020-06-17,171.33059692382812
2020-06-18,169.40296936035156
2020-06-19,169.79049682617188
2020-06-22,170.59532165527344
2020-06-23,171.46971130371094
2020-06-24,167.95228576660156
2020-06-25,169.86997985839844
2020-06-26,166.75
2020-06-29,170.39999389648438
2020-06-30,174.85000610351562
2020-07-01,172.44000244140625
2020-07-02,174.60000610351562
2020-07-06,177.66000366210938
2020-07-07,175.3300018310547
2020-07-08,174.32000732421875
2020-07-09,173.2899932861328
2020-07-10,174.05999755859375
2020-07-13,174.77999877929688
2020-07-14,179.42999267578125
2020-07-15,182.2100067138672
2020-07-16,181.61000061035156
2020-07-17,182.0800018310547
2020-07-20,178.33999633789062
2020-07-21,181.94000244140625
2020-07-22,182.6199951171875
2020-07-23,183.80999755859375
2020-07-24,184.7899932861328
2020-07-27,187.72000122070312
2020-07-28,185.1199951171875
2020-07-29,187.49000549316406
2020-07-30,185.6699981689453
2020-07-31,184.99000549316406
2020-08-03,185.9199981689453
2020-08-04,185.08999633789062
2020-08-05,188.52999877929688
2020-08-06,187.9499969482422
2020-08-07,190.5500030517578
2020-08-10,195.8300018310547
2020-08-11,196.32000732421875
2020-08-12,198.52999877929688
2020-08-13,197.50999450683594
2020-08-14,196.1300048828125
2020-08-17,196.57000732421875
2020-08-18,196.2899932861328
2020-08-19,195.77000427246094
2020-08-20,193.74000549316406
2020-08-21,195.13999938964844
2020-08-24,197.27000427246094
2020-08-25,197.3800048828125
2020-08-26,198.89999389648438
2020-08-27,198.6699981689453
